0 0.46428 0.12890 0.03152 0.14363
0 0.4582 0.24452 0.03976 0.07246
0 0.67431 0.15498 0.04788 0.13797
0 0.67222 0.26339 0.07043 0.06119
0 0.72986 0.06892 0.06115 -0.01229
0 0.73250 0.15536 0.06403 0.1612
0 0.73394 0.27823 0.06115 0.05551
0 0.79509 0.05252 0.06115 -0.05646
0 0.79918 0.11876 0.06319 0.17003
0 0.80885 0.26263 0.06829 0.08436
0 0.75789 0.4282 0.04178 0.05570
0 0.766 0.48521 0.03986 0.03669
0 0.76911 0.5424 0.02751 0.02434
0 0.86641 0.41395 0.03272 0.04779
0 0.86441 0.51256 0.04688 0.05101
0 0.86646 0.57574 0.06115 0.05371
0 0.81294 0.43064 0.03976 0.05227
0 0.81294 0.48642 0.03976 0.03679
0 0.81243 0.54826 0.04688 0.04037
0 0.31140 0.26277 0.03772 0.03344
0 0.24469 0.26556 0.07533 0.03902
0 0.14566 0.24442 0.16126 0.02324
