0 0.76341 0.12544 0.04674 0.16288
0 0.77945 0.27756 0.02590 0.08897
0 0.79153 0.37617 0.03021 0.06430
0 0.80448 0.46631 0.04143 0.07455
0 0.81419 0.58038 0.04359 0.09197
0 0.82752 0.11242 0.06094 0.22394
0 0.83379 0.29330 0.06741 0.09384
0 0.86807 0.44933 0.07480 0.15143
0 0.88601 0.58819 0.03876 0.10179
0 0.69917 0.13655 0.04661 0.19306
0 0.69697 0.27756 0.01805 0.08897
0 0.70103 0.35656 0.01600 0.04799
0 0.71423 0.44066 0.04239 0.11115
0 0.72269 0.54713 0.05220 0.09021
0 0.62293 0.25150 0.03567 0.09154
0 0.63163 0.32150 0.04445 0.04502
0 0.62472 0.39357 0.04791 0.08734
0 0.61803 0.48222 0.03452 0.05430
0 0.62904 0.57518 0.04789 0.05840
0 0.44814 0.35887 0.03571 0.07577
0 0.45008 0.43261 0.03898 0.05668
0 0.45144 0.48631 0.03798 0.03337
0 0.45424 0.64306 0.04359 0.06842
0 0.43651 0.74203 0.05662 0.10526
0 0.43906 0.84419 0.03682 0.08718
0 0.51848 0.53001 0.04344 0.10805
0 0.52287 0.65268 0.06086 0.11392
0 0.51667 0.74398 0.02723 0.07708
0 0.51282 0.79835 0.04449 0.00736
0 0.50507 0.86833 0.05999 0.12106
0 0.28463 0.17260 0.03149 0.16718
0 0.28031 0.33279 0.04877 0.12657
0 0.26757 0.45884 0.05005 0.10104
0 0.24535 0.57712 0.04876 0.13551
0 0.17723 0.73373 0.15654 0.12651
0 0.16859 0.83334 0.14790 0.06262
0 0.1591 0.89145 0.1436 0.03047
0 0.22544 0.26654 0.03918 0.06691
0 0.22032 0.36089 0.04013 0.07401
0 0.15706 0.42856 0.13798 0.04047
0 0.15564 0.4807 0.13929 0.03948
0 0.14309 0.54973 0.13142 0.09197
0 0.13687 0.63765 0.14575 0.06998
0 0.07493 0.73394 0.04977 0.10063
0 0.06781 0.82214 0.03553 0.04915
0 0.05769 0.36518 0.03938 0.08627
0 0.04558 0.45222 0.04977 0.09643
0 0.07666 0.56621 -0.04001 0.11682
0 0.05940 0.677 -0.05209 0.09399
0 0.03759 0.74719 -0.0698 0.04637
