0 0.36853 0.05085 0.06381 0.00025
0 0.35698 0.15452 0.04730 0.1582
0 0.33392 0.29137 0.07380 0.09125
0 0.31682 0.40450 0.07921 0.08831
0 0.30362 0.52136 0.08141 0.09872
0 0.27887 0.64904 0.09130 0.14209
0 0.18871 0.76253 0.19901 0.07499
0 0.17171 0.83281 0.18241 0.06435
0 0.47844 0.03608 0.05281 -0.01836
0 0.46149 0.06774 0.04949 0.04608
0 0.45043 0.19039 0.0912 0.19961
0 0.44174 0.35078 0.07819 0.09043
0 0.41578 0.45482 0.08151 0.10186
0 0.40208 0.56725 0.07151 0.06742
0 0.38398 0.68067 0.08790 0.08569
0 0.36353 0.79263 0.11341 0.11073
0 0.34053 0.89650 0.08020 0.07598
0 0.56925 0.0405 0.05159 0.0666
0 0.56820 0.17787 0.07571 0.19395
0 0.56715 0.33750 0.07361 0.08165
0 0.54785 0.44179 0.07920 0.11398
0 0.5358 0.55163 0.07029 0.09763
0 0.50824 0.62767 0.07920 0.05082
0 0.69971 0.04187 0.04191 0.03476
0 0.68921 0.17392 0.06711 0.18730
0 0.69801 0.30673 0.06270 0.06053
0 0.67431 0.39934 0.06150 0.08731
0 0.67386 0.53259 0.09361 0.15168
0 0.64846 0.65147 0.09120 0.06162
0 0.62485 0.73847 0.07480 0.08165
