0 0.76492 0.83687 0.05030 0.03186
0 0.80449 0.83131 0.04493 0.05852
0 0.82715 0.83103 0.05325 0.05796
0 0.7857 0.87788 0.03420 0.03771
0 0.82460 0.88323 0.05835 0.04457
0 0.66699 0.64536 0.05299 0.02893
0 0.67991 0.6843 0.03788 0.03649
0 0.72064 0.64591 0.06370 0.04466
0 0.74546 0.63914 0.03555 0.03698
0 0.73037 0.68472 0.04695 0.03073
0 0.61401 0.55254 0.04896 0.03368
0 0.66012 0.54796 0.04059 0.03186
0 0.63081 0.59216 0.05964 0.02817
0 0.68528 0.59080 0.04862 0.03551
0 0.52736 0.33241 0.05325 0.04916
0 0.58952 0.32509 0.04025 0.04918
0 0.62729 0.33448 0.05324 0.05110
0 0.58822 0.37403 0.03226 0.02232
0 0.52615 0.54855 0.03689 0.01528
0 0.35311 0.55034 0.03151 0.00805
0 0.16495 0.54284 0.13419 0.00696
0 0.40005 0.07006 0.05030 0.04001
0 0.39400 0.06442 0.01807 -0.04836
0 0.39503 0.05951 0.02950 0.02244
0 0.39104 0.15267 0.03761 0.15016
0 0.33286 0.06815 0.06531 0.05482
0 0.34842 0.02852 0.05164 0.04906
0 0.34708 0.13191 0.04627 0.14603
0 0.26739 0.06883 0.06529 0.06006
0 0.28135 0.04237 0.05030 0.07481
0 0.28772 0.15070 0.04024 0.13945
0 0.13896 0.14058 0.16405 0.18384
0 0.29236 0.23842 0.03343 0.01674
0 0.48189 0.03128 0.04762 -0.04872
0 0.48224 0.03016 0.04430 0.05896
0 0.48761 0.14301 0.03357 0.16508
0 0.56455 0.03696 0.06739 -0.0242
0 0.55532 0.06495 0.06974 0.04797
0 0.55326 0.25191 0.05241 0.06371
0 0.66196 0.08769 0.06305 0.02452
0 0.64017 0.06949 0.04025 -0.06091
0 0.27783 0.41695 0.02583 0.03389
0 0.25887 0.42003 0.02415 0.02133
0 0.23708 0.42011 0.02347 0.02977
0 0.42152 0.41279 0.03555 0.01951
0 0.44466 0.42213 0.03218 0.02868
0 0.42399 0.44379 0.03398 0.00806
