0 0.84738 0.23015 0.09317 0.28498
0 0.84149 0.47318 0.07799 0.16891
0 0.86693 0.68032 0.06652 0.16013
0 0.74739 0.21356 0.08938 0.28598
0 0.76729 0.68493 0.08344 0.17972
0 0.64240 0.2082 0.10394 0.28400
0 0.55919 0.18628 0.05831 0.24550
0 0.57844 0.747 0.11525 0.08240
0 0.42514 0.18092 0.08109 0.24013
0 0.42722 0.42308 0.06445 0.15450
0 0.4347 0.59114 0.05780 0.11529
0 0.44490 0.72251 0.10394 0.16352
0 0.33362 0.18494 0.08118 0.23208
0 0.34689 0.68802 0.09208 0.22860
0 0.19422 0.21674 0.19761 0.32788
0 0.18279 0.73989 0.22048 0.21438
0 0.07369 0.17554 -0.03138 0.20992
