0 0.44794 0.24142 0.10094 0.08155
0 0.14242 0.25121 0.18833 0.08482
0 0.15977 0.36536 0.19779 0.08146
0 0.31811 0.20529 0.09564 0.24192
0 0.32549 0.40777 0.11041 0.09450
0 0.44637 0.45676 0.10409 0.09787
0 0.59147 0.17788 0.12302 0.23476
0 0.65767 0.48318 0.16079 0.04504
0 0.72972 0.18816 0.09869 0.18156
0 0.35461 0.54801 0.09725 0.09157
0 0.36750 0.66528 0.05363 0.06993
0 0.50788 0.65252 0.08833 0.09460
0 0.52157 0.7814 0.16187 0.15008
0 0.64821 0.57900 0.17972 0.14703
0 0.694 0.76698 0.17665 0.20608
