0 0.17212 0.50064 0.17487 0.08020
0 0.18460 0.61254 0.16989 0.10996
0 0.23294 0.73355 0.04658 0.06698
0 0.31442 0.47411 0.05668 0.10737
0 0.30893 0.58293 0.05768 0.09472
0 0.31508 0.71668 0.06999 0.10348
0 0.37602 0.47041 0.05654 0.06372
0 0.44669 0.47618 0.07479 0.05977
0 0.50748 0.47347 0.05656 0.01811
0 0.66883 0.42561 0.05647 0.06209
0 0.71879 0.41784 0.04659 0.02588
0 0.75286 0.43591 0.05167 0.05424
0 0.53327 0.08304 0.05157 0.02198
0 0.31808 0.25693 0.07597 0.05274
0 0.44258 0.14399 0.07656 0.18011
