0 0.16448 0.36872 0.15021 0.06656
0 0.16951 0.45505 0.16026 0.09106
0 0.22596 0.54074 0.04447 0.06983
0 0.16664 0.63169 0.15452 0.08878
0 0.16592 0.71322 0.16455 0.05925
0 0.28122 0.35978 0.05456 0.05502
0 0.29411 0.43333 0.06025 0.09206
0 0.28983 0.52645 0.04021 0.07723
0 0.28194 0.60951 0.04452 0.08889
0 0.29698 0.71106 0.05451 0.06994
0 0.36728 0.35185 0.05452 0.04761
0 0.42252 0.59999 0.06456 0.12910
0 0.43040 0.72221 0.08034 0.07724
0 0.43974 0.82433 0.07029 0.11851
0 0.43974 0.33626 0.07029 0.07243
0 0.51721 0.54023 0.06456 0.10047
0 0.54538 0.65796 0.08923 0.10206
0 0.57027 0.74074 0.07043 0.06984
0 0.58036 0.81163 0.05025 0.06986
