0 0.06694 0.50199 -0.065 0.13287
0 0.03779 0.71478 0.07442 0.12888
0 0.1628 0.40559 0.15011 0.09589
0 0.13014 0.47851 0.15022 0.04794
0 0.12854 0.55393 0.14703 0.09689
0 0.15086 0.64734 0.15012 0.07991
0 0.16359 0.74619 0.14059 0.11778
0 0.25536 0.45603 0.05887 0.10089
0 0.24383 0.53896 0.04693 0.05893
0 0.2485 0.66732 0.03600 0.07791
0 0.69541 0.34115 0.01934 0.1069
0 0.68393 0.17976 0.04887 0.19192
0 0.74121 0.28770 0.06568 0.07393
0 0.86276 0.26522 0.06444 0.11689
0 0.32506 0.45603 0.07001 0.10089
0 0.38493 0.42757 0.04792 0.09589
0 0.45027 0.40808 0.05886 0.08490
0 0.41328 0.76273 0.05012 0.03297
0 0.58233 0.70779 0.05250 0.06294
0 0.77661 0.53945 0.05762 0.12586
