0 0.41722 0.40729 0.07771 0.04059
0 0.12558 0.46454 0.16453 0.05596
0 0.03471 0.52507 0.06143 0.05003
0 0.02315 0.57766 -0.0323 0.04471
0 0.03967 0.66138 0.00073 0.05837
0 0.89142 0.49499 0.06132 0.01861
0 0.89507 0.54193 0.07025 0.06413
0 0.88001 0.46539 0.05814 0.03032
0 0.86362 0.41413 0.07125 0.05082
0 0.81890 0.07620 0.05587 0.02691
0 0.82268 0.18472 0.08764 0.18330
0 0.83037 0.29066 0.05915 0.02032
0 0.83692 0.34023 0.07225 0.03203
0 0.47534 0.26376 0.05797 0.04912
0 0.14860 0.55003 0.17125 0.08033
0 0.27058 0.47730 0.06453 0.05757
0 0.68254 0.12570 0.04815 0.14983
