0 0.2798 0.14507 0.03559 0.11102
0 0.24951 0.26521 0.03938 0.04927
0 0.31434 0.22057 0.02849 0.03189
0 0.31116 0.25072 0.03357 0.01334
0 0.28856 0.37072 0.04132 0.03188
0 0.37185 0.36492 0.02970 0.02376
0 0.36876 0.40434 0.02352 0.03187
0 0.51047 0.64260 0.04038 0.03535
0 0.51000 0.71651 0.03356 0.04056
0 0.50419 0.81246 0.03358 0.02839
0 0.50547 0.86463 0.05809 0.06434
0 0.51419 0.59176 0.02646 0.02545
0 0.51226 0.46376 0.02646 0.05216
0 0.58277 0.40492 0.03450 0.04579
0 0.52549 0.2484 0.04907 0.04232
0 0.50903 0.38789 0.03937 0.03461
0 0.47675 0.41332 0.03162 0.02204
0 0.663 0.15492 0.02839 0.16087
0 0.51710 0.06651 0.02453 -0.06637
0 0.55869 0.06166 0.04335 -0.05667
0 0.65682 0.04492 0.03948 0.02376
0 0.66355 0.03405 0.04905 -0.05942
0 0.66069 0.0385 0.04335 0.03700
0 0.68608 0.41818 0.03323 0.03550
0 0.66589 0.25999 0.02260 0.03884
0 0.58166 0.25680 0.02454 0.05565
0 0.50433 0.30578 0.05192 0.03882
0 0.59312 0.47361 0.03325 0.04056
0 0.61163 0.05970 0.04722 0.04231
0 0.13108 0.6281 0.18328 0.10840
