0 0.2474 0.5927 0.03559 0.01608
0 0.239 0.62284 0.03320 0.03195
0 0.22920 0.65008 0.04320 0.01853
0 0.21489 0.67374 0.02940 0.01852
0 0.42900 0.48930 0.04999 0.04076
0 0.41459 0.52678 0.04519 0.04391
0 0.36219 0.52750 0.04999 0.03905
0 0.3058 0.55486 0.03320 0.04932
0 0.2892 0.60162 0.02800 0.03734
0 0.2762 0.63212 0.03559 0.02366
0 0.2558 0.66547 0.04280 0.03562
0 0.2364 0.70533 0.05759 0.03059
0 0.3197 0.65093 0.04180 0.04419
0 0.40380 0.56565 0.04280 0.02717
0 0.3942 0.60418 0.05720 0.04247
0 0.379 0.65948 0.05959 0.04760
0 0.5162 0.41462 0.04760 0.03733
0 0.5078 0.46992 0.04519 0.04932
0 0.49560 0.49970 0.02079 0.01024
0 0.50059 0.53447 0.04999 0.05245
0 0.4836 0.58366 0.04959 0.04247
0 0.48619 0.63134 0.04039 0.05257
0 0.4706 0.68755 0.03560 0.03590
0 0.46340 0.74353 0.04760 0.02888
0 0.4526 0.78519 0.04039 0.04074
0 0.4422 0.83414 0.03320 0.05318
0 0.5614 0.43242 0.02839 0.05930
0 0.55899 0.48277 0.03799 0.03454
0 0.5542 0.52066 0.03800 0.02878
0 0.5441 0.56292 0.03220 0.03464
0 0.53360 0.61274 0.05759 0.04931
0 0.5374 0.66462 0.06200 0.04076
0 0.5314 0.70659 0.05479 0.03149
0 0.5206 0.75078 0.04039 0.03976
0 0.5198 0.80729 0.05480 0.05758
0 0.584 0.75113 0.04000 0.05074
0 0.5842 0.81 0.04040 0.04931
0 0.6078 0.43229 0.05000 0.04588
0 0.61020 0.47386 0.05959 0.03039
0 0.6018 0.5285 0.04760 0.06784
0 0.5962 0.61943 0.06440 0.06270
0 0.5921 0.69241 0.05620 0.05587
0 0.5405 0.06004 0.02019 0.01509
0 0.621 0.05521 0.02839 0.01511
0 0.13540 0.54204 0.1308 0.01681
0 0.4718 0.0458 0.02600 0.02023
0 0.5381 0.0499 0.02500 -0.08660
0 0.6102 0.03837 0.04039 -0.07526
0 0.3966 0.09084 0.01400 0.01510
