0 0.36132 0.07581 0.0267 -0.04753
0 0.3884 0.07819 0.02920 -0.03919
0 0.41898 0.07313 0.03195 -0.04574
0 0.46253 0.28012 0.03617 0.04147
0 0.49174 0.27161 0.02251 0.03517
0 0.52018 0.26863 0.02421 0.04233
0 0.48745 0.06572 0.04124 0.01660
0 0.31437 0.3853 0.05857 0.03120
0 0.30318 0.44633 0.07063 0.07454
0 0.39011 0.48479 0.07938 0.07989
0 0.30404 0.51281 0.0534 0.04413
0 0.2894 0.58039 0.08786 0.07989
0 0.27708 0.65242 0.06322 0.08811
0 0.27579 0.74015 0.06580 0.07979
0 0.27406 0.82646 0.07097 0.07633
0 0.37639 0.80271 0.10508 0.05625
0 0.38199 0.88013 0.08527 0.08826
0 0.39744 0.57850 0.07311 0.08367
0 0.38285 0.64201 0.07838 0.04334
0 0.37682 0.71088 0.06633 0.08009
