0 0.23022 0.5156 0.04494 0.03829
0 0.22662 0.56941 0.05214 0.06933
0 0.33798 0.57467 0.07752 0.10738
0 0.32755 0.66169 0.05496 0.04964
0 0.41394 0.56048 0.05271 0.07901
0 0.41422 0.64955 0.05326 0.09095
0 0.49174 0.6085 0.07808 0.1078
0 0.58681 0.5796 0.07286 0.04147
0 0.66548 0.59214 0.07516 0.06372
0 0.76278 0.59148 0.05891 0.07093
0 0.81965 0.58815 0.04242 0.07476
0 0.82868 0.69944 0.05735 0.11882
0 0.74490 0.72689 0.08826 0.08378
0 0.42867 0.75764 0.04804 0.05349
0 0.33177 0.78055 0.04960 0.03969
0 0.25348 0.80495 0.05115 0.06383
0 0.32945 0.84037 0.06977 0.06940
0 0.42507 0.83829 0.04904 0.07091
0 0.49689 0.85814 0.04807 0.07090
0 0.49146 0.78314 0.05892 0.03439
0 0.59146 0.87304 0.03565 0.06951
0 0.6434 0.79786 0.06820 0.08084
0 0.66743 0.87446 0.06047 0.06382
0 0.74068 0.80871 0.06881 0.05630
0 0.73685 0.86114 0.06117 0.04222
0 0.83452 0.8007 0.05494 0.05532
