0 0.05796 0.22003 -0.05776 0.03362
0 0.23081 0.27827 0.04877 0.04399
0 0.28648 0.32554 0.04116 0.04694
0 0.39614 0.37659 0.06772 0.06441
0 0.52647 0.33867 0.06781 0.06258
0 0.53628 0.41041 0.03153 0.05921
0 0.61659 0.37825 0.06364 0.04406
0 0.60261 0.29677 0.04878 0.06111
0 0.65466 0.27211 0.02083 0.05630
0 0.50713 0.07076 0.04222 0.03363
0 0.76749 0.27735 0.07357 0.04215
0 0.02908 0.7809 0.04641 0.05259
0 0.04455 0.58784 0.07257 0.07395
0 0.22788 0.58944 0.05461 0.03729
0 0.14848 0.78750 0.14361 0.03548
0 0.68366 0.77251 0.04632 0.05684
0 0.68113 0.84388 0.05710 0.07632
0 0.55482 0.78398 0.05193 0.04927
0 0.43470 0.78490 0.06811 0.04069
0 0.31557 0.57763 0.05531 0.05353
0 0.62045 0.86498 0.0595 0.05779
0 0.83427 0.81383 0.06355 0.05399
0 0.82569 0.75603 0.05948 0.03693
0 0.37010 0.04566 0.03906 0.04406
0 0.05942 0.08763 0.02975 0.02368
0 0.04847 0.68993 0.08854 0.03073
