0 0.04631 0.18907 -0.02482 0.17914
0 0.03099 0.36465 -0.01787 0.12806
0 0.06627 0.52967 -0.01935 0.08160
0 0.05688 0.68301 -0.01776 0.09315
0 0.16719 0.53296 0.16635 0.09975
0 0.18178 0.66482 0.16421 0.08316
0 0.23643 0.74319 0.05314 0.02884
0 0.38849 0.71882 0.02837 0.02814
0 0.30657 0.65117 0.07754 0.10365
0 0.30289 0.53288 0.04574 0.07484
0 0.24035 0.18495 0.07058 0.20882
0 0.34141 0.35388 0.07517 0.10631
0 0.40681 0.51762 0.07752 0.09414
0 0.41425 0.65498 0.05637 0.10139
0 0.42442 0.17129 0.05795 0.19141
0 0.43460 0.35737 0.05951 0.09480
0 0.76311 0.18659 0.08222 0.21541
0 0.90563 0.18201 0.08379 0.18996
0 0.76937 0.37963 0.07909 0.09480
0 0.64260 0.38004 0.08048 0.10883
0 0.59522 0.49463 0.02524 0.05934
0 0.57008 0.40725 0.06108 0.06596
0 0.64358 0.63885 0.03423 0.02152
0 0.61354 0.62517 0.04149 0.06980
0 0.54541 0.61747 0.02583 0.06101
0 0.07556 0.75556 0.03837 0.03380
0 0.14067 0.05658 0.18849 0.02298
