0 0.68492 0.07916 0.04469 0.03039
0 0.70371 0.02349 0.03671 0.02708
0 0.52917 0.14166 0.05820 0.13068
0 0.59853 0.13826 0.04370 0.13746
0 0.54188 0.29287 0.06958 0.03239
0 0.60643 0.23409 0.06669 0.05079
0 0.53618 0.25529 0.05819 0.03559
0 0.60379 0.32086 0.05422 0.03399
0 0.77037 0.02998 0.06660 0.04718
0 0.76467 0.03516 0.04821 -0.05762
0 0.76686 0.02774 0.05959 0.03559
0 0.41454 0.38384 0.07011 0.02718
0 0.41103 0.42042 0.06309 0.03559
0 0.36064 0.38564 0.05171 0.03398
0 0.34643 0.44271 0.0731 0.03616
0 0.34706 0.485 0.04031 0.02879
0 0.51039 0.40842 0.03921 0.03558
0 0.71428 0.33036 0.03680 0.01938
0 0.54776 0.43482 0.04032 0.02039
0 0.52799 0.50519 0.05180 0.03039
0 0.33829 0.52233 0.05958 0.03549
0 0.33154 0.56817 0.05032 0.04558
0 0.27544 0.63049 0.06011 0.04708
0 0.24559 0.68336 0.07320 0.03466
0 0.1669 0.73199 0.17800 0.05659
0 0.1313 0.78528 0.18259 0.04078
0 0.15195 0.91443 0.1481 0.03037
0 0.32159 0.85745 0.063 0.03558
0 0.3902 0.77508 0.03920 0.03398
0 0.43338 0.68787 0.05521 0.02370
