0 0.27248 0.33016 0.06408 0.20085
0 0.37419 0.77025 0.06768 0.13545
0 0.69333 0.18005 0.07862 0.25467
0 0.77567 0.21044 0.06198 0.28029
0 0.77251 0.47543 0.06863 0.16202
0 0.76646 0.63459 0.06762 0.13241
0 0.67858 0.63955 0.05667 0.17906
0 0.67769 0.44815 0.06030 0.18980
0 0.53375 0.46204 0.07029 0.14608
0 0.46900 0.48472 0.05735 0.16999
0 0.46663 0.62549 0.07317 0.13545
0 0.53889 0.64005 0.07667 0.13003
0 0.53834 0.23020 0.07591 0.26733
0 0.44633 0.21161 0.09898 0.25405
0 0.28815 0.63776 0.09713 0.26232
