0 0.3239 0.04843 0.14910 0.08771
0 0.52713 0.06623 0.1648 -0.03546
0 0.24834 0.07803 0.31621 -0.0424
0 0.31568 0.15436 0.23036 0.18813
0 0.55912 0.15887 0.21335 0.19994
0 0.18521 0.32125 0.23110 0.07644
0 0.39459 0.31783 0.13625 0.07633
0 0.5779 0.30776 0.17579 0.06592
0 0.34832 0.39521 0.16195 0.06454
0 0.56555 0.39134 0.22622 0.09149
0 0.57533 0.49132 0.17066 0.06940
0 0.38702 0.49965 0.16681 0.06246
0 0.36631 0.57112 0.15683 0.06245
0 0.35475 0.6435 0.16966 0.07453
0 0.57068 0.58917 0.22621 0.10826
0 0.52194 0.7335 0.23612 0.09160
0 0.18264 0.80880 0.20539 0.05204
0 0.36246 0.84871 0.17480 0.12074
0 0.54241 0.82853 0.16966 0.06096
0 0.16157 0.86804 0.20124 0.06801
0 0.15822 0.93655 0.26965 0.06797
0 0.52570 0.91880 0.13624 0.07771
0 0.36497 0.93253 0.11815 0.06413
