0 0.1784 0.06107 0.17803 -0.04948
0 0.31218 0.04776 0.07702 -0.04566
0 0.41986 0.04614 0.06763 -0.03916
0 0.513 0.05134 0.07491 -0.04178
0 0.62847 0.05084 0.08319 -0.02015
0 0.73726 0.05428 0.08640 -0.03917
0 0.18777 0.13848 0.17803 0.14236
0 0.31217 0.12239 0.07076 0.15689
0 0.41571 0.11996 0.07804 0.16617
0 0.51874 0.1261 0.07591 0.1578
0 0.62538 0.13115 0.07077 0.14726
0 0.63531 0.32672 0.09053 0.10699
0 0.74869 0.31118 0.09053 0.06636
0 0.59775 0.46060 0.0615 0.07278
0 0.61031 0.52823 0.08016 0.04072
0 0.68105 0.47446 0.07805 0.06247
0 0.38449 0.51765 0.03849 0.05758
0 0.41986 0.52199 0.03226 0.04889
0 0.45785 0.52362 0.04161 0.04564
0 0.49682 0.44214 0.06148 0.01521
0 0.47990 0.31775 0.04203 0.02173
0 0.22654 0.31205 0.05262 0.02335
0 0.47366 0.55621 0.05452 0.01846
0 0.40837 0.63801 0.06129 0.01458
0 0.43652 0.65887 0.06140 0.03042
0 0.17681 0.25746 0.16653 0.06407
0 0.31581 0.25176 0.05514 0.06246
0 0.42142 0.24486 0.08115 0.07626
0 0.53745 0.26447 0.07805 0.06093
0 0.72268 0.17161 0.08428 0.18473
