0 0.37908 0.23177 0.05362 0.05659
0 0.36874 0.57864 0.06930 0.04030
0 0.29602 0.81658 0.08750 0.05750
0 0.37159 0.80099 0.07500 0.06599
0 0.38578 0.86516 0.08978 0.05552
0 0.64205 0.6394 0.06795 0.06930
0 0.64715 0.52076 0.08749 0.07147
0 0.85113 0.55579 0.10226 0.09659
0 0.83863 0.65246 0.09545 0.09558
0 0.82897 0.73529 0.08750 0.05089
0 0.68143 0.77787 0.03786 0.05410
0 0.44943 0.806 0.04886 0.06280
0 0.47443 0.86896 0.06932 0.06311
0 0.52608 0.78679 0.08399 0.03759
0 0.52045 0.61152 0.08410 0.07830
0 0.79545 0.80568 0.11363 0.07269
