0 0.73488 0.35676 0.08577 0.04757
0 0.75231 0.39417 0.05463 0.02377
0 0.74964 0.42192 0.04183 0.04205
0 0.76069 0.47966 0.06394 0.03206
0 0.26318 0.48172 0.05462 0.04585
0 0.38462 0.47741 0.04872 0.03723
0 0.02724 0.56221 0.04592 0.03722
0 0.05995 0.88917 0.05873 0.04102
0 0.16445 0.8914 0.14283 0.03239
0 0.39273 0.59542 0.06494 0.04920
0 0.27555 0.54619 0.06094 0.04239
0 0.39632 0.53342 0.08255 0.05754
0 0.52792 0.51156 0.05773 0.03795
0 0.52147 0.54291 0.03881 0.01862
0 0.02948 0.50861 0.05883 0.03550
0 0.07228 0.42966 -0.04538 0.05066
0 0.52663 0.58341 0.04273 0.03205
0 0.52793 0.63202 0.06393 0.05756
0 0.39478 0.65167 0.05462 0.04239
