0 0.23256 0.12478 0.29592 0.24007
0 0.51076 0.02490 0.13538 0.03033
0 0.53641 0.14605 0.23176 0.19998
0 0.20488 0.33726 0.24870 0.14104
0 0.42153 0.33018 0.15386 0.11915
0 0.60461 0.32277 0.16923 0.11206
0 0.21307 0.49329 0.26922 0.12181
0 0.44302 0.46941 0.15395 0.13303
0 0.57807 0.4599 0.14230 0.12079
0 0.19153 0.64981 0.25693 0.15955
0 0.42307 0.62667 0.14461 0.14737
0 0.62269 0.62118 0.16845 0.11692
0 0.18384 0.80511 0.22307 0.11692
0 0.4123 0.78197 0.13539 0.14859
0 0.63488 0.76552 0.13129 0.13763
