0 0.35193 0.06344 0.14287 0.04649
0 0.44564 0.04291 0.11727 0.07468
0 0.40647 0.1633 0.14804 0.14550
0 0.63246 0.05786 0.11687 0.07566
0 0.61427 0.23389 0.14284 0.05921
0 0.30778 0.31415 0.16882 0.09956
0 0.47661 0.30686 0.14805 0.08498
0 0.62726 0.31494 0.12727 0.08941
0 0.60649 0.39992 0.13766 0.07910
0 0.43246 0.38169 0.14805 0.05438
0 0.31832 0.45922 0.22049 0.10129
0 0.34434 0.55922 0.11728 0.07296
0 0.52606 0.54387 0.16402 0.07963
0 0.60649 0.47975 0.13766 0.08055
0 0.2974 0.64763 0.13766 0.07639
0 0.50553 0.639 0.19489 0.07991
0 0.26882 0.72403 0.13247 0.04891
0 0.36722 0.80042 0.13307 0.08327
0 0.51818 0.80214 0.11688 0.06952
0 0.35193 0.87677 0.14287 0.06256
0 0.48960 0.87939 0.11169 0.06094
0 0.4974 0.72488 0.11687 0.06780
