0 0.14927 0.18149 0.15762 0.19895
0 0.27285 0.29308 0.05980 0.17800
0 0.39932 0.18036 0.09261 0.16631
0 0.52549 0.15019 0.06578 0.19873
0 0.55569 0.34642 0.06442 0.14834
0 0.63372 0.36773 0.09429 0.15458
0 0.76102 0.45765 0.07796 0.10132
0 0.27314 0.59685 0.05770 0.13612
0 0.27889 0.46159 0.06114 0.06458
0 0.13926 0.53489 0.17248 0.18323
0 0.14453 0.74033 0.15906 0.1613
0 0.48119 0.72246 0.04160 0.13274
0 0.49653 0.63019 0.05907 0.05179
0 0.13518 0.33589 0.14035 0.08560
0 0.30603 0.06903 0.05637 0.00196
0 0.38559 0.03847 0.03026 0.07557
