0 0.32832 0.03763 0.15807 0.05607
0 0.34963 0.15560 0.15787 0.16967
0 0.36968 0.26507 0.15137 0.03908
0 0.40615 0.32115 0.10083 0.06627
0 0.40616 0.39591 0.14566 0.06627
0 0.45092 0.48767 0.14575 0.09344
0 0.33332 0.55219 0.11204 0.04579
0 0.45657 0.57698 0.13445 0.06477
0 0.63305 0.55668 0.14006 0.10536
0 0.62184 0.48087 0.12885 0.07985
0 0.56526 0.15135 0.15035 0.16797
0 0.59663 0.26168 0.14566 0.05268
0 0.59163 0.31519 0.17806 0.05098
0 0.43692 0.71486 0.17376 0.05166
0 0.61904 0.70977 0.16808 0.09784
0 0.46498 0.84036 0.12883 0.06777
0 0.34453 0.83951 0.11206 0.06607
0 0.62184 0.87420 0.16248 0.09165
0 0.58823 0.38567 0.16246 0.03917
