0 0.01942 0.05078 -0.03376 -0.04397
0 0.05509 0.06706 0.05668 0.04236
0 0.05987 0.22429 0.06624 0.04679
0 0.10773 0.04616 0.19852 -0.07300
0 0.03066 0.14319 0.04439 0.13041
0 0.03926 0.34710 -0.06924 0.03553
0 0.05063 0.38688 -0.05287 0.02624
0 0.13662 0.32759 0.13440 0.04381
0 0.24649 0.07435 0.04714 -0.03029
0 0.07706 0.47824 0.04076 0.04246
0 0.16687 0.46463 0.13758 0.03211
0 0.26400 0.4578 0.03758 0.02185
0 0.2621 0.49260 0.05032 0.03406
0 0.21956 0.50956 0.03858 0.03039
0 0.48393 0.58388 0.04779 0.03281
0 0.48767 0.61769 0.03393 0.02527
0 0.49904 0.65151 0.05667 0.03552
0 0.51018 0.69008 0.04076 0.02724
0 0.51814 0.74598 0.06942 0.04408
0 0.62101 0.78710 0.04713 0.03748
0 0.64967 0.83197 0.05350 0.05588
0 0.67292 0.87169 0.04394 0.02700
0 0.69999 0.90366 0.04713 0.03282
0 0.73748 0.93332 0.06568 0.05748
0 0.78279 0.88281 0.02801 0.03893
0 0.44649 0.04144 0.03439 0.02528
0 0.77643 0.32097 0.03439 0.03382
0 0.87769 0.37906 0.04076 0.03653
0 0.82965 0.08465 0.04129 0.03041
0 0.56528 0.57363 0.04396 0.03281
0 0.59070 0.63051 0.03131 0.01945
0 0.61624 0.57669 0.03757 0.01844
0 0.85063 0.64981 0.04394 0.01161
0 0.57961 0.03068 0.05349 0.01944
0 0.73748 0.41418 0.06568 0.02026
0 0.86287 0.30981 0.04494 0.03562
0 0.25286 0.31921 0.04714 0.03372
0 0.87292 0.86522 0.05030 0.03723
