0 0.11761 0.27376 0.16653 0.10646
0 0.03764 0.41698 0.06871 0.17744
0 0.06147 0.63497 -0.03682 0.14449
0 0.17475 0.48802 0.16898 0.23588
0 0.31481 0.44232 0.09803 0.16476
0 0.29157 0.56965 0.08642 0.15073
0 0.42918 0.22058 0.07697 0.33954
0 0.25933 0.18510 0.10006 0.31927
0 0.33623 0.19651 0.061 0.32434
0 0.41743 0.67553 0.05401 0.13941
0 0.53275 0.80222 0.05429 0.13171
0 0.53234 0.6413 0.05347 0.11660
0 0.47816 0.66673 0.03984 0.13168
0 0.63501 0.34278 0.06597 0.20648
0 0.72585 0.35107 0.07769 0.28644
0 0.82461 0.37909 0.06462 0.20306
0 0.89542 0.44676 0.06390 0.12293
0 0.82964 0.56019 0.05871 0.13434
0 0.75485 0.61844 0.05166 0.16485
0 0.66085 0.52561 0.05230 0.06971
0 0.6672 0.6313 0.04630 0.12139
0 0.48038 0.82325 0.05010 0.16110
0 0.40485 0.80797 0.04430 0.09505
