0 0.28271 0.29975 0.07654 0.08179
0 0.28518 0.41539 0.09136 0.11069
0 0.38344 0.31011 0.11504 0.10774
0 0.39826 0.42903 0.12492 0.09067
0 0.42221 0.52956 0.15309 0.10775
0 0.27407 0.63337 0.06914 0.05255
0 0.26166 0.72864 0.11864 0.07228
0 0.39505 0.74861 0.09877 0.08227
0 0.54073 0.77129 0.10866 0.07348
0 0.41110 0.64677 0.11111 0.08357
0 0.5716 0.68133 0.16544 0.08806
0 0.73079 0.72864 0.14800 0.11170
0 0.5716 0.54593 0.12592 0.15627
0 0.55308 0.35494 0.13827 0.15010
0 0.66165 0.16616 0.11863 0.16176
0 0.78641 0.17207 0.12097 0.23404
0 0.68394 0.31881 0.09382 0.10411
0 0.79628 0.34362 0.12591 0.11169
0 0.69500 0.45203 0.13590 0.13666
0 0.82048 0.44900 0.10023 0.08753
0 0.8074 0.54664 0.07899 0.09460
0 0.71974 0.56146 0.08148 0.12280
0 0.17703 0.87542 0.258 0.06096
0 0.24191 0.79329 0.06926 0.02548
0 0.40863 0.88304 0.05678 0.04205
