0 0.73729 0.33884 0.06411 0.07232
0 0.76727 0.44124 0.06743 0.12434
0 0.78054 0.5606 0.04089 0.0716
0 0.77684 0.67732 0.06328 0.16344
0 0.77267 0.81325 0.05994 0.11961
0 0.85012 0.86736 0.04164 0.03904
0 0.67069 0.32017 0.04746 0.17494
0 0.71023 0.63994 0.08493 0.13263
0 0.59325 0.17700 0.09076 0.23995
0 0.60486 0.38161 0.07754 0.11065
0 0.60898 0.51423 0.08393 0.13833
0 0.60898 0.6371 0.08393 0.08299
0 0.60686 0.69791 0.04636 0.00609
0 0.49324 0.15382 0.09391 0.19194
0 0.50199 0.32465 0.07641 0.1074
0 0.51157 0.44821 0.08259 0.11529
0 0.49042 0.61106 0.12990 0.1432
0 0.41506 0.20264 0.06079 0.24728
0 0.38925 0.46541 0.07743 0.15785
0 0.38592 0.60201 0.10741 0.10270
0 0.31098 0.41781 0.07743 0.10170
0 0.29600 0.56494 0.0791 0.15025
0 0.17763 0.40841 0.16561 0.12866
0 0.16976 0.53203 0.17337 0.09600
0 0.15519 0.6366 0.17420 0.07260
0 0.16515 0.69353 0.1706 0.02173
0 0.02822 0.54718 0.0433 0.14727
0 0.33671 0.19642 0.06728 0.2153
