0 0.33781 0.41297 0.06910 0.02893
0 0.34048 0.46119 0.07909 0.03506
0 0.47722 0.42546 0.05434 0.05392
0 0.48894 0.47823 0.07778 0.03606
0 0.49469 0.50197 0.08929 0.01139
0 0.49469 0.53379 0.08929 0.04771
0 0.38847 0.59266 0.02838 0.02882
0 0.37215 0.61984 0.07252 0.02444
0 0.39009 0.65847 0.08154 0.02895
0 0.41938 0.69666 0.10171 0.02637
0 0.51439 0.56947 0.07678 0.01755
0 0.52782 0.59397 0.04991 0.02730
0 0.52399 0.61402 0.06910 0.02140
0 0.53742 0.65497 0.09596 0.04822
0 0.56692 0.71453 0.07818 0.03231
0 0.33876 0.29587 0.08252 0.01763
0 0.33781 0.34670 0.06910 0.02794
0 0.37427 0.05917 0.04990 0.03770
0 0.35124 0.06398 0.09597 -0.06932
0 0.33538 0.05146 0.08928 0.01447
0 0.30421 0.14528 0.10172 0.12871
0 0.31381 0.24484 0.08252 0.02323
0 0.47691 0.06332 0.10183 -0.05923
0 0.43261 0.14309 0.05990 0.12431
0 0.54126 0.14447 0.07677 0.1277
0 0.52782 0.23201 0.07676 0.01795
0 0.41554 0.26106 0.08251 0.03200
0 0.52014 0.26610 0.08828 0.03944
