0 0.54468 0.80663 0.07857 0.06647
0 0.53070 0.8803 0.06030 0.05523
0 0.64021 0.82305 0.07857 0.09287
0 0.30893 0.72308 0.07857 0.03002
0 0.47919 0.34467 0.08321 0.07126
0 0.49532 0.44995 0.07540 0.09287
0 0.59398 0.34786 0.10015 0.10166
0 0.68181 0.33466 0.04776 0.06405
0 0.60091 0.45916 0.08936 0.07285
0 0.50615 0.66092 0.07857 0.07286
0 0.61556 0.70255 0.06933 0.10650
0 0.73523 0.60407 0.07033 0.08726
0 0.7337 0.76541 0.07450 0.08006
0 0.73420 0.68384 0.09706 0.03383
0 0.49999 0.56725 0.07859 0.07286
0 0.6871 0.44315 0.03260 0.06966
0 0.64714 0.60167 0.09245 0.06805
