0 0.53656 0.89192 0.08806 0.02471
0 0.64277 0.89016 0.08457 0.03351
0 0.75768 0.90109 0.10343 0.05539
0 0.51641 0.78922 0.06866 0.03759
0 0.53905 0.84234 0.06318 0.04451
0 0.45345 0.48400 0.10503 0.03350
0 0.45671 0.53653 0.09851 0.06539
0 0.58582 0.51582 0.12387 0.0655
0 0.46641 0.3906 0.07911 0.02780
0 0.46091 0.43911 0.11994 0.03781
0 0.56268 0.41472 0.08357 0.05846
0 0.47387 0.34570 0.09402 0.02594
0 0.56887 0.34637 0.11895 0.04220
0 0.57783 0.29521 0.06314 0.01901
0 0.48308 0.31120 0.08457 0.02460
