0 0.62941 0.04534 0.10587 0.03483
0 0.63293 0.07011 0.11292 0.01143
0 0.62185 0.15984 0.13782 0.15825
0 0.58111 0.22499 0.09422 0.03886
0 0.62773 0.26973 0.11393 0.03211
0 0.83176 0.23053 0.10588 0.00706
0 0.45058 0.04017 0.04941 0.0245
0 0.447 0.1471 0.09399 0.15326
0 0.13234 0.05459 0.20589 0.01851
0 0.30587 0.06379 0.11295 0.06849
0 0.32588 0.22563 0.10587 0.03756
0 0.17700 0.16424 0.20600 0.15288
0 0.27293 0.26188 0.09883 0.01641
0 0.47141 0.28115 0.13481 0.03755
0 0.45499 0.33336 0.09589 0.05418
0 0.61529 0.32954 0.04942 0.04091
0 0.56352 0.38938 0.08704 0.02321
0 0.55528 0.45313 0.05647 0.05380
0 0.34352 0.52884 0.11295 0.04191
0 0.47529 0.52912 0.09882 0.03920
0 0.62588 0.52775 0.09411 0.03647
0 0.44941 0.57588 0.09881 0.01841
0 0.57764 0.58382 0.04941 0.04083
0 0.25141 0.56178 0.08517 0.01416
0 0.24978 0.62792 0.09805 0.01144
0 0.38822 0.64152 0.07529 0.04192
0 0.28705 0.65731 0.07529 0.04083
0 0.55293 0.64696 0.11293 0.03212
0 0.54007 0.70004 0.07999 0.05117
0 0.26205 0.69187 0.07706 0.01761
0 0.27882 0.72531 0.08706 0.03746
0 0.39646 0.68181 0.06823 0.02884
0 0.3842 0.71252 0.10687 0.03494
0 0.51058 0.79004 0.07999 0.02647
0 0.39410 0.89932 0.13882 0.06325
0 0.51646 0.88833 0.06822 0.02383
0 0.32464 0.96815 0.06129 0.03755
0 0.47685 0.93984 0.05218 0.02776
