0 0.25125 0.58400 0.05059 0.04896
0 0.25711 0.67051 0.02181 0.02775
0 0.27155 0.75164 0.05745 0.09750
0 0.28493 0.86179 0.08422 0.07755
0 0.33766 0.59032 0.07339 0.13989
0 0.66436 0.73892 0.06735 0.14144
0 0.77317 0.70816 0.06914 0.08455
0 0.58768 0.82716 0.06577 0.07283
0 0.54497 0.59710 0.09184 0.08671
0 0.48005 0.79710 0.08004 0.08670
0 0.38785 0.74566 0.10117 0.07861
0 0.46116 0.68612 0.04226 0.0867
0 0.69054 0.33641 0.07589 0.06705
0 0.47380 0.31901 0.06755 0.05790
0 0.47217 0.17369 0.07419 0.17745
0 0.37055 0.28901 0.05981 0.13641
0 0.57003 0.31676 0.06757 0.12253
0 0.70691 0.19913 0.09375 0.20058
0 0.78161 0.1502 0.08263 0.1189
0 0.45711 0.06734 0.09782 -0.02948
0 0.39151 0.04445 0.02302 0.06927
0 0.53962 0.09618 0.06071 -0.00163
0 0.66105 0.0708 0.11802 -0.03639
0 0.29123 0.31329 0.08194 0.08091
0 0.65006 0.58517 0.04554 0.03739
0 0.78245 0.26242 0.03034 0.06705
