0 0.55621 0.52318 0.05174 0.02729
0 0.44626 0.53150 0.04078 0.05803
0 0.43979 0.60519 0.03781 0.05032
0 0.43230 0.65278 0.05675 0.03203
0 0.42435 0.68846 0.04681 0.03036
0 0.45471 0.74709 0.03582 0.05352
0 0.46417 0.79288 0.03283 0.02907
0 0.44577 0.85324 0.03581 0.02167
0 0.61044 0.65534 0.04079 0.01409
0 0.56765 0.67296 0.04476 0.04932
0 0.55168 0.70730 0.03076 0.00142
0 0.38551 0.54062 0.04686 0.07675
0 0.38159 0.64349 0.04477 0.09033
0 0.33181 0.61178 0.05477 0.04356
0 0.32387 0.68097 0.06068 0.08584
0 0.25422 0.58980 0.05273 0.02907
0 0.24527 0.68682 0.04478 0.10653
0 0.13250 0.81197 0.13687 0.04676
0 0.12462 0.86144 0.15672 0.03808
0 0.06815 0.92568 0.04377 0.07559
0 0.24226 0.84624 0.07666 0.07430
0 0.23629 0.91287 0.05478 0.03203
0 0.30447 0.84125 0.04974 0.07277
0 0.36119 0.85265 0.06766 0.06406
0 0.32932 0.92504 0.05776 0.04483
0 0.62686 0.48782 0.07364 0.08904
0 0.68457 0.45542 0.03781 0.03321
0 0.6791 0.51083 0.03083 0.05050
0 0.64228 0.39365 0.04278 0.02882
0 0.68307 0.40806 0.03481 0.03459
0 0.56063 0.16267 0.03072 0.15254
0 0.58502 0.30268 0.03791 0.08135
0 0.64228 0.31101 0.04278 0.04804
0 0.84477 0.06402 0.07164 -0.03335
0 0.74723 0.05519 0.07765 0.00861
0 0.62783 0.16140 0.05377 0.20634
0 0.65919 0.04054 0.07660 -0.01095
0 0.57512 0.07843 0.04976 -0.02889
0 0.73278 0.16972 0.08448 0.18455
0 0.83233 0.16588 0.09651 0.19481
