0 0.39742 0.59023 0.01813 0.08399
0 0.40525 0.69012 0.06003 0.08172
0 0.40431 0.76957 0.04315 0.05221
0 0.37492 0.85084 0.05192 0.08492
0 0.37236 0.92116 0.06931 0.04167
0 0.26734 0.50226 0.07691 0.08286
0 0.30482 0.61407 0.11434 0.11803
0 0.303 0.71622 0.05066 0.07265
0 0.2908 0.80873 0.08630 0.08967
0 0.28611 0.88659 0.07316 0.02744
0 0.28516 0.04652 0.03752 0.08151
0 0.27918 0.17707 0.05180 0.16597
0 0.28516 0.29688 0.03752 0.04666
0 0.2908 0.38820 0.0938 0.08422
0 0.39024 0.04982 0.12008 0.08173
0 0.38742 0.22128 0.09569 0.03642
0 0.39024 0.29688 0.10132 0.07363
0 0.38943 0.38988 0.03790 0.06923
0 0.50562 0.04414 0.08444 0.08171
0 0.50749 0.26276 0.08440 0.11464
0 0.53001 0.36839 0.08067 0.07590
0 0.67729 0.16111 0.10507 0.16356
0 0.82546 0.25198 0.10121 0.06356
