0 0.15023 0.28083 0.14996 0.08426
0 0.07731 0.38515 0.01883 0.08426
0 0.05674 0.49498 0.02848 0.08123
0 0.03759 0.63684 0.06552 0.13829
0 0.22644 0.74367 0.04504 0.02919
0 0.23168 0.45937 0.04767 0.01805
0 0.29516 0.07903 0.02521 0.01102
0 0.47701 0.26478 0.04003 0.02808
0 0.61014 0.01385 0.03931 0.02705
0 0.6977 0.14157 0.02276 0.15818
0 0.6936 0.41469 0.03259 0.03120
0 0.76781 0.34348 0.03029 0.09317
0 0.78564 0.44534 0.03030 0.07821
0 0.80261 0.59227 0.04751 0.18355
0 0.72153 0.69705 0.04259 0.02199
0 0.82254 0.76774 0.06497 0.12348
0 0.79925 0.89066 0.00638 0.06418
0 0.22186 0.91674 0.03783 0.05816
0 0.26485 0.90921 0.02884 0.05315
0 0.3063 0.90421 0.03276 0.04714
