0 0.36056 0.01136 0.01960 0.02144
0 0.62323 0.01807 0.02959 0.02296
0 0.55137 0.00268 0.02273 -0.004
0 0.62082 0.1566 0.03754 0.12806
0 0.69460 0.06876 0.01744 0.02312
0 0.71793 0.15362 0.02488 0.13401
0 0.65999 0.23104 0.02744 0.05402
0 0.55313 0.22686 0.01293 0.01245
0 0.38431 0.16633 0.02273 0.13651
0 0.40979 0.17438 0.02745 0.15263
0 0.30179 0.07433 0.04344 0.04747
0 0.27655 0.21855 0.03198 0.02906
0 0.26313 0.26367 0.01961 0.02724
0 0.24768 0.31442 0.02478 0.05112
0 0.14117 0.34383 0.12941 0.01890
0 0.06352 0.34593 0.01961 0.02030
0 0.08136 0.48331 0.02941 0.01444
0 0.02205 0.37169 0.03275 0.04161
0 0.26901 0.33770 0.02117 0.01574
0 0.01689 0.50945 0.03365 0.03782
0 0.01689 0.55724 0.03365 0.04516
0 0.03862 0.64060 0.01608 0.01930
0 0.81754 0.42926 0.02451 0.01752
0 0.82088 0.35994 0.03118 0.01889
0 0.75509 0.32527 0.03098 0.04060
0 0.69411 0.21633 0.01961 0.02461
0 0.71607 0.26254 0.02117 0.03491
0 0.6447 0.34580 0.01959 0.01016
0 0.56274 0.36099 0.01960 0.00700
0 0.52478 0.32405 0.03156 0.02905
0 0.82009 0.49141 0.02961 0.01295
0 0.74627 0.64932 0.01960 0.01295
0 0.66097 0.61422 0.03254 0.02156
0 0.65400 0.71365 0.02688 0.02155
0 0.75431 0.78398 0.01607 0.01336
0 0.7798 0.81231 0.01763 0.02310
0 0.78391 0.84733 0.02275 0.02311
0 0.78313 0.88692 0.02431 0.03227
0 0.62009 0.85538 0.02961 0.02171
0 0.72323 0.93206 0.03273 0.01751
0 0.59901 0.40855 0.01295 0.02300
0 0.63851 0.42628 0.01551 0.01157
0 0.26980 0.40855 0.01960 0.02300
0 0.24431 0.56912 0.02118 0.02221
0 0.07003 0.71943 0.02007 0.03311
0 0.69043 0.40646 0.01930 0.03911
0 0.58666 0.33505 0.02432 0.02996
