0 0.03661 0.41502 -0.07196 0.10998
0 0.08038 0.57371 0.02064 0.14607
0 0.06082 0.46753 -0.07452 0.11948
0 0.05222 0.49294 0.05733 0.17570
0 0.05604 0.64935 0.03439 0.09870
0 0.04499 0.81682 -0.07051 0.10638
0 0.05540 0.78196 0.03567 0.15016
0 0.15504 0.78701 0.14596 0.12468
0 0.27005 0.73636 0.03057 0.02337
0 0.36878 0.28325 0.02163 0.15036
0 0.36623 0.43506 0.02167 0.08572
0 0.41273 0.31688 0.04586 0.09870
0 0.39194 0.42986 0.01702 0.09092
0 0.43184 0.43785 0.05349 0.13805
0 0.44021 0.61118 0.07243 0.22177
0 0.48548 0.41168 0.03084 0.12727
0 0.58917 0.66052 0.03693 0.15944
0 0.64713 0.63630 0.04586 0.11937
0 0.65599 0.42336 0.01793 0.11426
0 0.70254 0.40643 0.04459 0.12717
0 0.75918 0.36462 0.04576 0.12789
0 0.82738 0.36487 0.04204 0.16375
0 0.76956 0.58261 0.03793 0.02437
0 0.3899 0.61897 0.03331 0.16262
