0 0.26583 0.05789 0.05019 -0.00267
0 0.24020 0.60437 0.08034 0.10860
0 0.13583 0.60154 0.14162 0.10861
0 0.06446 0.68540 0.03302 0.03372
0 0.05191 0.77361 0.04492 0.10577
0 0.23183 0.79547 0.05680 0.12695
0 0.42795 0.59021 0.04217 0.09158
0 0.49024 0.59233 0.06108 0.08733
0 0.43786 0.72164 0.05953 0.12229
0 0.42691 0.78631 0.03632 0.03808
0 0.42601 0.8725 0.05680 0.09500
0 0.7708 0.55705 0.05152 0.10449
0 0.49679 0.78344 0.05241 0.07484
0 0.49103 0.8653 0.03359 0.08886
0 0.56142 0.85683 0.06605 0.10013
