0 0.58019 0.05944 0.03489 0.03724
0 0.62062 0.29468 0.03325 0.01869
0 0.54136 0.05173 0.02783 0.02547
0 0.51352 0.0543 0.02784 0.03059
0 0.47420 0.05556 0.02649 0.02949
0 0.47234 0.13651 0.02549 0.12697
0 0.60068 0.33744 0.01078 0.02607
0 0.59832 0.29888 0.01549 0.01682
0 0.53901 0.23587 0.01842 0.02024
0 0.54607 0.25505 0.01842 0.01070
0 0.50882 0.24268 0.02313 0.02718
0 0.47538 0.2379 0.02884 0.02427
0 0.47935 0.2604 0.02538 0.01510
0 0.39944 0.26468 0.01089 0.01682
0 0.40303 0.06775 0.01313 0.03393
0 0.43739 0.05692 0.02538 0.02535
0 0.44215 0.13903 0.03020 0.12194
0 0.37195 0.23588 0.03490 0.01681
0 0.37509 0.25641 0.01841 0.01682
0 0.39038 0.16308 0.01136 0.12879
0 0.5472 0.13516 0.03029 0.12968
0 0.51896 0.13828 0.03007 0.1305
0 0.38450 0.08058 0.02312 0.03221
0 0.41386 0.15452 0.03971 0.13564
0 0.63812 0.41810 0.02449 0.02437
0 0.61627 0.43229 0.02313 0.01511
0 0.61509 0.40984 0.02078 0.02095
0 0.58685 0.37015 0.02077 0.02023
0 0.35140 0.32438 0.01733 0.03709
0 0.37145 0.32938 0.02179 0.01680
0 0.44518 0.21787 0.02884 0.03573
0 0.47067 0.21365 0.01943 0.02024
0 0.49788 0.32168 0.01558 0.02537
0 0.62179 0.6458 0.03559 0.02366
0 0.61664 0.61942 0.03178 0.03194
0 0.63522 0.68944 0.03029 0.02276
0 0.67352 0.73417 0.03019 0.02024
0 0.65234 0.73588 0.01609 0.02707
0 0.70263 0.85584 0.01313 0.01843
0 0.68171 0.81223 0.02324 0.02034
