0 0.67464 0.07527 0.04976 -0.03736
0 0.58301 0.04392 0.05083 0.02834
0 0.50046 0.04544 0.06636 -0.02244
0 0.48807 0.04615 0.02501 0.01490
0 0.50144 0.0799 0.01488 0.03820
0 0.42811 0.0401 0.05621 -0.01971
0 0.36543 0.02754 0.05807 -0.05508
0 0.36354 0.04824 0.04708 0.08084
0 0.43646 0.12022 0.05607 0.16754
0 0.36304 0.16737 0.02598 0.13504
0 0.37096 0.29529 0.04332 0.09993
0 0.42397 0.29828 0.04788 0.07457
0 0.56312 0.37360 0.04975 0.02833
0 0.48761 0.39336 0.04437 0.07084
0 0.66220 0.36389 0.02488 0.04921
0 0.68433 0.54399 0.04332 0.09321
0 0.68708 0.47165 0.02302 0.03057
0 0.68202 0.43884 0.03134 0.02311
0 0.50045 0.51416 0.04609 0.03056
0 0.50598 0.55704 0.03502 0.06115
0 0.43815 0.46532 0.03612 0.06264
0 0.28432 0.31083 0.04147 0.08028
0 0.22533 0.28358 0.04147 0.05263
0 0.23093 0.33727 0.04317 0.06070
0 0.02767 0.39502 0.05431 0.01003
0 0.08063 0.41257 0.03318 0.07496
0 0.23509 0.41784 0.06438 0.08550
0 0.30178 0.39597 0.05243 0.07606
0 0.31607 0.47004 0.04598 0.06163
0 0.38434 0.38426 0.03137 0.03922
0 0.42531 0.38719 0.05057 0.04230
0 0.38761 0.46004 0.03792 0.07595
0 0.38386 0.51602 0.02673 0.02684
0 0.38808 0.56695 0.03147 0.07501
0 0.44147 0.54081 0.03318 0.07254
0 0.45990 0.65865 0.04793 0.07716
0 0.52617 0.66032 0.06822 0.06786
0 0.60644 0.65286 0.06082 0.03207
0 0.73278 0.53317 0.05147 0.08500
0 0.78071 0.53787 0.04621 0.07115
0 0.84331 0.51714 0.03317 0.03354
0 0.84468 0.55774 0.03962 0.04932
0 0.85244 0.62676 0.05512 0.03505
0 0.78753 0.63646 0.02689 0.06786
0 0.74737 0.63497 0.05343 0.07084
0 0.68070 0.63459 0.03977 0.05071
0 0.68254 0.68436 0.03609 0.04732
0 0.67829 0.73175 0.02388 0.05026
0 0.45938 0.74496 0.05263 0.08799
0 0.68669 0.80499 0.04439 0.10514
0 0.75104 0.79996 0.04608 0.08187
0 0.79953 0.80456 0.05437 0.06105
0 0.84561 0.77031 0.04147 0.02534
0 0.84788 0.80560 0.02573 0.05022
0 0.83831 0.84339 0.05976 0.02534
0 0.52672 0.77889 0.04332 0.03205
0 0.53186 0.82400 0.05332 0.06115
0 0.60368 0.87695 0.06267 0.02534
0 0.53370 0.89467 0.05147 0.06876
0 0.47145 0.82288 0.06197 0.05891
0 0.40506 0.73601 0.03963 0.07307
0 0.41009 0.78821 0.03878 0.02834
0 0.41981 0.84078 0.05253 0.07084
0 0.43226 0.8951 0.06447 0.05119
0 0.48761 0.89211 0.03331 0.06364
