0 0.81578 0.31093 0.07993 0.15632
0 0.83807 0.70763 0.07042 0.14525
0 0.86549 0.86964 0.05847 0.07448
0 0.72611 0.70204 0.06042 0.09311
0 0.6295 0.70297 0.05094 0.06891
0 0.54762 0.70806 0.08604 0.10514
0 0.64699 0.20198 0.07812 0.21289
0 0.57212 0.22187 0.06432 0.26759
0 0.49024 0.18649 0.06043 0.24152
0 0.30251 0.33507 0.07502 0.10997
0 0.17124 0.31656 0.14483 0.07447
0 0.04361 0.32582 0.07333 0.12652
0 0.14394 0.63357 0.17211 0.12576
0 0.27576 0.64719 0.05253 0.10631
0 0.34399 0.65278 0.07201 0.10460
0 0.29421 0.78583 0.03093 0.08192
0 0.35031 0.79231 0.05936 0.07645
0 0.17654 0.76594 0.17302 0.11429
