0 0.38554 0.15805 0.04401 0.20195
0 0.39325 0.29906 0.03243 0.06966
0 0.3944 0.37552 0.02699 0.05606
0 0.53211 0.66184 0.04857 0.01699
0 0.37075 0.44859 0.03956 0.01528
0 0.26604 0.39841 0.05208 0.06467
0 0.2603 0.31265 0.06739 0.08666
0 0.32588 0.29816 0.06376 0.07826
0 0.33824 0.37217 0.06968 0.06977
0 0.32979 0.16149 0.04050 0.19505
0 0.25457 0.16835 0.04820 0.19176
0 0.3134 0.63476 0.03471 0.06098
0 0.2767 0.64435 0.03459 0.04857
0 0.16986 0.6475 0.14436 0.08306
0 0.05621 0.63720 0.04435 0.07306
0 0.06819 0.71876 0.03560 0.06286
0 0.22514 0.75106 0.04921 0.04927
0 0.27954 0.76499 0.02507 0.04859
0 0.38861 0.77919 0.03856 0.05118
0 0.24492 0.87200 0.03664 0.06206
0 0.32189 0.76379 0.03699 0.03398
0 0.02433 0.83886 0.03868 0.07757
0 0.07164 0.78674 0.01735 0.03908
0 0.12693 0.84876 0.15308 0.08836
0 0.23914 0.81732 0.03664 0.05947
0 0.12064 0.92532 0.15979 0.03718
0 0.06860 0.92387 -0.05757 0.06725
