0 0.40942 0.08611 0.10165 0.00122
0 0.48243 0.07565 0.04436 -0.00576
0 0.56234 0.08076 0.08418 0.02041
0 0.64471 0.04767 0.08209 -0.03726
0 0.65118 0.21265 0.09502 0.27625
0 0.57165 0.29668 0.07513 0.12216
0 0.41953 0.52181 0.10710 0.11518
0 0.49815 0.50174 0.05730 0.09249
0 0.43899 0.32284 0.07209 0.11169
0 0.36228 0.34467 0.06284 0.08202
0 0.68803 0.42146 0.09527 0.13787
0 0.69870 0.73155 0.122 0.13696
0 0.58497 0.69981 0.09416 0.11517
0 0.6146 0.81054 0.06469 0.08899
0 0.4205 0.8438 0.05359 0.07854
0 0.47692 0.73554 0.05385 0.11702
0 0.59519 0.51215 0.12569 0.16569
