0 0.2283 0.28364 0.05544 0.07435
0 0.50222 0.30925 0.06458 0.08162
0 0.40978 0.29457 0.06236 0.08900
0 0.29843 0.37960 0.05791 0.05280
0 0.31018 0.26737 0.08140 0.12460
0 0.17159 0.38775 0.16459 0.07850
0 0.22716 0.48586 0.05345 0.08633
0 0.29009 0.52668 0.03231 0.05807
0 0.30178 0.62479 0.07350 0.08790
0 0.41870 0.61224 0.05791 0.07536
0 0.36413 0.76496 0.08687 0.11821
0 0.42929 0.80141 0.04117 0.07691
0 0.2868 0.87833 0.07225 0.11146
0 0.35077 0.88568 0.06014 0.06964
0 0.41759 0.90659 0.07350 0.06122
0 0.29393 0.75401 0.06226 0.10263
