0 0.84121 0.2619 0.06957 0.08226
0 0.83172 0.06471 0.07567 0.00823
0 0.75522 0.08198 0.05474 0.00812
0 0.67967 0.04574 0.04215 0.0837
0 0.85184 0.36818 0.04508 0.07458
0 0.60305 0.05078 0.06603 0.08802
0 0.54342 0.04141 0.04679 0.0633
0 0.47728 0.13636 0.04958 0.19192
0 0.47986 0.27633 0.05797 0.08802
0 0.41303 0.16206 0.05958 0.22997
0 0.41625 0.38528 0.07889 0.11543
0 0.34621 0.40764 0.04508 0.07358
0 0.48549 0.4057 0.03380 0.08989
0 0.47584 0.45815 0.00484 0.00143
0 0.51207 0.48268 0.07729 0.04761
0 0.37774 0.52452 0.05540 0.09091
0 0.77357 0.38744 0.06245 0.09955
0 0.59267 0.45665 0.02471 0.06483
0 0.37358 0.62986 0.04830 0.09092
0 0.31350 0.61688 0.05375 0.10821
0 0.26242 0.64596 0.03533 0.05005
0 0.32763 0.50382 0.03712 0.05239
0 0.27213 0.47036 0.04508 0.06338
0 0.42028 0.79314 0.06119 0.05383
0 0.50321 0.80086 0.07246 0.09236
0 0.14387 0.73448 0.12704 0.05196
0 0.04246 0.73015 0.06914 0.05174
0 0.15526 0.68392 0.14035 0.03184
0 0.23649 0.73231 0.06484 0.07070
0 0.30917 0.73737 0.07085 0.09523
0 0.56826 0.79675 0.07694 0.08701
0 0.63878 0.5072 0.06341 0.07360
0 0.70449 0.41846 0.05959 0.07793
0 0.76811 0.51248 0.04509 0.06304
0 0.71980 0.51658 0.04508 0.07216
0 0.83476 0.58446 0.05993 0.03761
0 0.76408 0.59085 0.06923 0.07638
0 0.719 0.61394 0.04669 0.08215
0 0.74154 0.70778 0.09823 0.13996
0 0.65538 0.78859 0.06120 0.09958
0 0.63395 0.66733 0.05375 0.07657
