0 0.57462 0.66584 0.09595 0.11504
0 0.60447 0.80109 0.15565 0.11628
0 0.43709 0.83965 0.12367 0.10769
0 0.29312 0.79264 0.13016 0.10382
0 0.26971 0.88667 0.06609 0.03529
0 0.43491 0.67681 0.10225 0.19349
0 0.2921 0.64305 0.10659 0.12596
0 0.39018 0.53121 0.10660 0.08567
0 0.29210 0.52202 0.07249 0.07710
0 0.36353 0.44491 0.07037 0.07711
0 0.27398 0.42344 0.05756 0.08089
0 0.36975 0.31467 0.0615 0.13241
0 0.25282 0.30778 0.09495 0.11862
0 0.17921 0.15849 0.20873 0.12361
0 0.33424 0.14821 0.10760 0.11484
