0 0.28536 0.05512 0.12933 -0.01913
0 0.40871 0.04523 0.12944 -0.01914
0 0.57851 0.12784 0.10393 0.14842
0 0.41685 0.13777 0.10393 0.18985
0 0.68886 0.2592 0.10293 0.06920
0 0.57274 0.25691 0.07389 0.04662
0 0.70092 0.34091 0.10392 0.06568
0 0.59006 0.34276 0.10855 0.09972
0 0.45380 0.33996 0.10854 0.06021
0 0.45149 0.26729 0.10393 0.06738
0 0.33024 0.2619 0.07850 0.0638
0 0.31985 0.34540 0.11778 0.0711
0 0.33371 0.46360 0.08544 0.05929
0 0.45148 0.46715 0.11318 0.06638
0 0.57929 0.45322 0.05928 0.04232
0 0.69860 0.45417 0.09006 0.06739
0 0.67051 0.53054 0.07545 0.06738
0 0.55272 0.52515 0.11239 0.07636
0 0.43713 0.53818 0.10753 0.05929
0 0.31518 0.54036 0.11767 0.07287
0 0.38529 0.63521 0.15781 0.07906
0 0.31754 0.68453 0.09469 0.07906
0 0.54876 0.63337 0.11572 0.09333
0 0.68475 0.64195 0.09007 0.07277
0 0.68243 0.72101 0.09008 0.07457
0 0.56697 0.72910 0.08084 0.06920
0 0.44918 0.71876 0.08082 0.07906
0 0.57796 0.84141 0.09578 0.06377
0 0.67398 0.78476 0.05928 0.04952
0 0.70091 0.84449 0.09469 0.07919
0 0.32909 0.84175 0.11318 0.07749
0 0.33371 0.92891 0.08544 0.05771
