0 0.67453 0.57142 0.05208 0.07415
0 0.71376 0.66516 0.06168 0.07425
0 0.73766 0.74154 0.03400 0.04144
0 0.62051 0.7464 0.04448 0.07731
0 0.61328 0.65812 0.06159 0.06869
0 0.59539 0.55388 0.06599 0.08961
0 0.52797 0.56587 0.06886 0.07614
0 0.37373 0.66143 0.06170 0.05789
0 0.36513 0.74198 0.03012 0.07541
0 0.27541 0.75676 0.05729 0.06552
0 0.16735 0.76989 0.1617 0.07414
0 0.28122 0.58942 0.05456 0.07087
0 0.36011 0.59159 0.05452 0.07741
0 0.30365 0.51308 0.03343 0.04908
0 0.16161 0.48582 0.14161 0.07305
0 0.31133 0.44655 0.04878 0.07741
0 0.29913 0.35050 0.05020 0.08415
0 0.17811 0.34409 0.16025 0.07314
