0 0.68721 0.04839 0.03035 0.03614
0 0.67973 0.06381 0.04801 -0.01903
0 0.62988 0.02792 0.06684 -0.05416
0 0.61853 0.03817 0.03908 0.06434
0 0.54471 0.06179 0.08333 -0.01802
0 0.33294 0.03938 0.06548 -0.0343
0 0.38649 0.03479 0.04160 -0.06486
0 0.39276 0.04205 0.06945 0.08256
0 0.33096 0.06041 0.06420 0.05042
0 0.26039 0.04846 0.04665 0.04482
0 0.88528 0.29024 0.04549 0.06559
0 0.81412 0.13827 0.03178 0.12513
0 0.83227 0.31920 0.06053 0.05829
0 0.77363 0.30939 0.04666 0.04889
0 0.78133 0.35637 0.04134 0.04200
0 0.68604 0.3147 0.04547 0.02299
0 0.55165 0.30060 0.09719 0.07257
0 0.48112 0.32352 0.05684 0.10160
0 0.42130 0.30786 0.03809 0.06416
0 0.43878 0.36248 0.06042 0.05423
0 0.56998 0.37883 0.06052 0.05962
0 0.58907 0.45568 0.03766 0.05271
0 0.51841 0.42425 0.06331 0.06669
0 0.42932 0.47282 0.04150 0.04747
0 0.52264 0.49541 0.06672 0.05729
0 0.51071 0.60694 0.05297 0.08328
0 0.5208 0.68331 0.05548 0.05264
0 0.52904 0.7521 0.04909 0.05424
0 0.54287 0.84717 0.03910 0.08105
0 0.47977 0.87127 0.04655 0.07103
0 0.54917 0.9194 0.03908 0.02825
0 0.44072 0.72994 0.06934 0.08479
0 0.43064 0.62337 0.07188 0.10542
0 0.42685 0.53434 0.04160 0.05735
0 0.35308 0.59930 0.05801 0.07105
0 0.25409 0.61033 0.08953 0.07649
0 0.33421 0.68983 0.06296 0.06569
0 0.25237 0.71313 0.10305 0.10160
