0 0.56483 0.06926 0.08162 0.03401
0 0.65718 0.08854 0.05980 0.01865
0 0.48996 0.14422 0.06812 0.12795
0 0.58979 0.08809 0.10158 0.02032
0 0.39766 0.06528 0.05990 0.02198
0 0.39184 0.22374 0.08818 0.03364
0 0.55655 0.28058 0.10149 0.03192
0 0.36854 0.32683 0.11815 0.03566
0 0.49999 0.32600 0.08818 0.03732
0 0.45338 0.28659 0.09483 0.03400
0 0.67303 0.42614 0.06488 0.04027
0 0.56648 0.42967 0.08493 0.05064
0 0.46837 0.42979 0.06486 0.04093
0 0.60315 0.35586 0.07486 0.03566
0 0.60981 0.32268 0.07487 0.03400
0 0.38851 0.39349 0.08152 0.02501
0 0.50494 0.39627 0.06812 0.01862
0 0.49494 0.36746 0.06811 0.03565
0 0.38851 0.36146 0.06822 0.03027
0 0.61148 0.38852 0.06821 0.02300
0 0.66804 0.46714 0.08152 0.02761
0 0.67714 0.49416 0.05979 0.02026
0 0.37853 0.48465 0.08817 0.02530
0 0.56648 0.47552 0.08493 0.02695
0 0.56820 0.49188 0.07152 0.02899
0 0.48336 0.47055 0.09484 0.02696
0 0.64470 0.52818 0.07477 0.04027
0 0.56987 0.53016 0.07487 0.04092
0 0.56820 0.56802 0.07152 0.02529
0 0.57485 0.59705 0.05822 0.02529
0 0.6381 0.56884 0.07488 0.03029
0 0.62645 0.62141 0.08152 0.04127
0 0.52828 0.62410 0.11481 0.04666
0 0.41463 0.63044 0.10914 0.04396
0 0.46171 0.57569 0.07818 0.04727
0 0.42512 0.66341 0.11480 0.02529
0 0.41846 0.75943 0.08819 0.03400
0 0.51663 0.77373 0.12147 0.03192
0 0.52828 0.72995 0.10150 0.04897
0 0.62978 0.6974 0.10149 0.02194
0 0.62312 0.72808 0.07486 0.03861
0 0.62312 0.82505 0.08818 0.04193
0 0.61313 0.86846 0.08152 0.03722
0 0.52828 0.83365 0.11481 0.05230
0 0.40798 0.78945 0.09584 0.01876
0 0.51164 0.79893 0.08151 0.01629
0 0.41796 0.83346 0.07587 0.02198
0 0.42178 0.86416 0.09483 0.02861
0 0.29150 0.9457 0.08252 0.03027
0 0.42512 0.89318 0.10150 0.02529
0 0.53161 0.69239 0.06822 0.0252
