0 0.73246 0.32146 0.05962 0.02881
0 0.71151 0.56069 0.04835 0.04399
0 0.70426 0.61159 0.05640 0.03379
0 0.75825 0.61544 0.05963 0.02971
0 0.81385 0.59368 0.03384 0.02198
0 0.72883 0.65498 0.05237 0.04590
0 0.68170 0.65084 0.04835 0.03379
0 0.74884 0.74258 0.05749 0.02700
0 0.68009 0.08624 0.04512 0.02352
0 0.68487 0.22422 0.04825 0.04662
0 0.68371 0.26644 0.02983 0.01672
0 0.64544 0.29275 0.03708 0.02861
0 0.73206 0.13688 0.05237 0.12772
0 0.66069 0.38131 0.04520 0.02544
0 0.66639 0.47982 0.04835 0.02180
0 0.72229 0.41838 0.05540 0.02180
0 0.69807 0.70955 0.04403 0.02545
0 0.77553 0.26621 0.04100 0.03369
0 0.69243 0.29288 0.05530 0.02888
0 0.77190 0.22236 0.04825 0.04380
0 0.35696 0.38044 0.03384 0.02080
0 0.34155 0.41693 0.04209 0.03198
0 0.37831 0.41584 0.02983 0.02689
0 0.39282 0.36658 0.02981 0.02362
0 0.84224 0.90657 0.07355 0.03563
0 0.81949 0.55814 0.04513 0.03890
0 0.7643 0.77226 0.04110 0.02871
0 0.74192 0.69174 0.06972 0.03051
0 0.77593 0.48485 0.05630 0.03571
0 0.42771 0.36658 0.03577 0.02362
0 0.68390 0.33442 0.03825 0.02690
