0 0.27165 0.25107 0.05402 0.03730
0 0.16202 0.29483 0.15709 0.02829
0 0.15998 0.25291 0.13262 0.03429
0 0.61563 0.26111 0.06127 0.02678
0 0.28449 0.32782 0.03688 0.04438
0 0.27523 0.29198 0.06928 0.02729
0 0.32772 0.25676 0.03567 0.03548
0 0.16202 0.42725 0.15709 0.0464
0 0.16763 0.33404 0.15402 0.05299
0 0.28388 0.38593 0.04996 0.04209
0 0.16355 0.38875 0.13976 0.03741
0 0.33332 0.38593 0.06114 0.04209
0 0.34042 0.42868 0.04085 0.03863
0 0.27726 0.42679 0.06523 0.04548
0 0.04327 0.51929 0.08654 0.03839
0 0.04067 0.55451 0.02446 0.03205
0 0.16049 0.58817 0.15402 0.04217
0 0.17426 0.52055 0.15303 0.03203
0 0.16916 0.47728 0.14282 0.04399
0 0.29918 0.51501 0.08664 0.04198
0 0.26401 0.57843 0.06116 0.04926
0 0.29710 0.62697 0.04580 0.0373
0 0.04739 0.6774 0.07830 0.04634
0 0.23245 0.62739 0.05290 0.03528
0 0.06666 0.78766 0.05402 0.02200
0 0.06212 0.78285 -0.07553 0.04500
0 0.06315 0.85764 -0.06533 0.03485
0 0.22782 0.89191 0.05404 0.03061
0 0.12635 0.89982 0.16524 0.01198
0 0.29505 0.70415 0.05004 0.03213
0 0.23342 0.77809 0.06525 0.03061
0 0.71202 0.32331 0.04994 0.04204
0 0.74882 0.26183 0.07829 0.04926
0 0.80937 0.25417 0.05708 0.04734
0 0.76505 0.31037 0.04993 0.04399
0 0.83240 0.36175 0.06402 0.03774
0 0.77981 0.35628 0.04688 0.03731
0 0.80377 0.45167 0.07443 0.03773
0 0.85831 0.42971 0.05503 0.05397
0 0.80631 0.50212 0.06522 0.03630
0 0.61263 0.39360 0.06117 0.01342
0 0.59377 0.49762 0.08256 0.01679
0 0.82466 0.54328 0.06524 0.02678
0 0.77472 0.55043 0.06929 0.04108
0 0.80224 0.6131 0.05707 0.03059
