0 0.54299 0.13965 0.08520 0.13363
0 0.5251 0.22887 0.06980 0.04374
0 0.4662 0.16088 0.07799 0.15227
0 0.32030 0.06836 0.08059 0.03874
0 0.3368 0.05445 0.07519 -0.05284
0 0.62159 0.06046 0.13279 -0.05445
0 0.5864 0.04653 0.08799 0.03112
0 0.5224 0.05871 0.1008 -0.06136
0 0.63440 0.06023 0.05599 0.03362
0 0.52560 0.06228 0.10720 0.04316
0 0.3496 0.05512 0.08800 0.03704
0 0.29200 0.26883 0.07519 0.03874
0 0.348 0.16093 0.08800 0.14214
0 0.47759 0.26713 0.04959 0.03873
0 0.367 0.26883 0.08440 0.03874
0 0.4904 0.31225 0.08799 0.03703
0 0.3843 0.31311 0.10820 0.03874
0 0.3016 0.31140 0.0816 0.03532
0 0.30800 0.34751 0.05599 0.02582
0 0.1812 0.37143 0.19439 0.02682
0 0.6678 0.39101 0.0716 0.03532
0 0.4904 0.35311 0.08799 0.02683
0 0.5923 0.38761 0.06340 0.03874
0 0.5 0.38590 0.09440 0.03532
0 0.3478 0.38074 0.09160 0.03542
0 0.42 0.41655 0.1008 0.04554
0 0.4104 0.37824 0.04320 0.02000
0 0.516 0.41911 0.07519 0.03021
0 0.5992 0.42602 0.08799 0.04704
0 0.6742 0.42262 0.05879 0.04364
0 0.57339 0.47439 0.06520 0.02861
0 0.60830 0.51276 0.09540 0.03023
0 0.3798 0.45992 0.05880 0.03372
0 0.484 0.46848 0.08800 0.04043
0 0.5192 0.53160 0.06879 0.04363
0 0.61840 0.55704 0.06239 0.03703
0 0.73679 0.68135 0.12 0.05406
0 0.5494 0.72472 0.09800 0.03864
0 0.65999 0.75755 0.05599 0.03704
0 0.6408 0.72387 0.09439 0.03373
0 0.6408 0.68390 0.10719 0.04215
0 0.5379 0.68731 0.09539 0.03874
0 0.4451 0.57237 0.08899 0.02681
0 0.5256 0.59376 0.09439 0.02192
0 0.6184 0.59365 0.1008 0.03193
0 0.5032 0.49925 0.06240 0.01340
0 0.4406 0.61664 0.07240 0.01660
0 0.53470 0.79036 0.08900 0.02093
0 0.5704 0.76181 0.04320 0.02851
0 0.61200 0.78990 0.04959 0.03362
0 0.5654 0.82151 0.08440 0.04193
0 0.7939 0.84134 0.09340 0.01730
0 0.5928 0.87675 0.08800 0.02341
0 0.8104 0.94692 0.1008 0.05336
0 0.8465 0.904 0.09260 0.01000
0 0.72029 0.94571 0.0998 0.03532
0 0.61840 0.90911 0.08799 0.02681
0 0.772 0.89389 0.06240 0.02022
0 0.7048 0.90996 0.09440 0.03874
0 0.628 0.6171 0.08159 0.03271
0 0.639 0.94231 0.05959 0.02512
