0 0.414 0.32353 0.05384 0.08694
0 0.34146 0.29955 0.07007 0.07898
0 0.4092 0.42392 0.05740 0.08826
0 0.31041 0.44432 0.04405 0.07332
0 0.29438 0.54028 0.03071 0.07388
0 0.34813 0.56561 0.08342 0.06969
0 0.39853 0.49310 0.04405 0.05475
0 0.42589 0.58013 0.05607 0.08479
0 0.42055 0.66254 0.06409 0.07094
0 0.30907 0.74268 0.05741 0.07075
0 0.24031 0.74703 0.06408 0.09245
0 0.39647 0.74001 0.02679 0.07398
0 0.57876 0.58478 0.06006 0.09175
0 0.64453 0.5917 0.07008 0.08468
0 0.72028 0.60393 0.04673 0.08130
0 0.72696 0.71075 0.05206 0.09533
0 0.73364 0.79964 0.02535 0.04528
0 0.62883 0.78455 0.04273 0.08245
0 0.64052 0.6957 0.07008 0.08129
