0 0.35473 0.04127 0.13062 -0.06595
0 0.5414 0.06516 0.12274 -0.06877
0 0.32534 0.04527 0.12375 0.04405
0 0.81237 0.38208 0.11575 0.03712
0 0.67664 0.37954 0.10777 0.03811
0 0.68861 0.41942 0.11577 0.0408
0 0.53841 0.38973 0.11676 0.02550
0 0.54988 0.42563 0.10577 0.04222
0 0.51746 0.46184 0.07485 0.02692
0 0.52993 0.48958 0.08182 0.02121
0 0.51296 0.52641 0.0998 0.04711
0 0.80438 0.41921 0.0998 0.03712
0 0.80338 0.44838 0.08183 0.02367
0 0.69161 0.4487 0.08981 0.02429
0 0.64670 0.47715 0.11577 0.03386
0 0.75449 0.48204 0.0998 0.03712
0 0.74251 0.51386 0.10777 0.03222
0 0.74050 0.54099 0.07586 0.02202
0 0.63472 0.51631 0.12375 0.03712
0 0.73353 0.58424 0.08982 0.04080
0 0.60878 0.57885 0.13972 0.04305
0 0.73353 0.62199 0.08982 0.03060
0 0.72154 0.64993 0.08184 0.02202
0 0.60778 0.61912 0.08982 0.03225
0 0.51296 0.61928 0.11576 0.04252
0 0.58083 0.69924 0.11576 0.04559
0 0.69660 0.70175 0.11577 0.04405
0 0.72154 0.74948 0.08184 0.04078
0 0.71256 0.79008 0.0998 0.03059
0 0.58383 0.74316 0.08982 0.03876
0 0.56685 0.7885 0.07184 0.03090
0 0.55888 0.8472 0.13971 0.03549
0 0.71357 0.88784 0.08184 0.02559
0 0.54590 0.89228 0.08182 0.02693
