0 0.41625 0.04377 0.08468 0.04058
0 0.30113 0.07103 0.06753 0.03722
0 0.30684 0.03315 0.07897 0.02476
0 0.16027 0.03444 0.18944 -0.06286
0 0.51188 0.05827 0.09515 -0.05934
0 0.51806 0.05420 0.08467 0.04683
0 0.62511 0.05814 0.09514 0.03551
0 0.61314 0.06207 0.09425 -0.05660
0 0.40435 0.07776 0.07225 0.02377
0 0.42197 0.05519 0.07325 -0.07035
0 0.41857 0.02461 0.05703 0.03205
0 0.59419 0.15538 0.07898 0.1338
0 0.68743 0.15366 0.08468 0.14068
0 0.58372 0.24003 0.07896 0.03895
0 0.63415 0.55484 0.05614 0.03209
0 0.60796 0.42401 0.07426 0.03281
0 0.52948 0.41901 0.06182 0.03792
0 0.56089 0.59118 0.07326 0.03369
0 0.64007 0.58917 0.07855 0.02280
0 0.54091 0.64565 0.07326 0.03381
0 0.54043 0.70524 0.09513 0.03723
0 0.56680 0.77169 0.06797 0.03038
0 0.59419 0.80715 0.07898 0.03369
0 0.58848 0.84817 0.06756 0.03724
0 0.65983 0.84388 0.07327 0.03208
0 0.6655 0.88054 0.07316 0.03037
0 0.61702 0.91385 0.06755 0.03280
0 0.61702 0.94169 0.07895 0.02379
0 0.70741 0.93254 0.05613 0.04551
0 0.61132 0.66684 0.05613 0.03208
0 0.51806 0.14522 0.08467 0.11693
0 0.55303 0.5557 0.08897 0.03380
0 0.52653 0.49354 0.07896 0.03209
