0 0.28920 0.07514 0.02571 0.03900
0 0.2838 0.06608 0.04347 -0.06098
0 0.2838 0.04246 0.04347 0.01695
0 0.27398 0.06276 0.05337 0.02366
0 0.27212 0.15786 0.04354 0.14925
0 0.27398 0.26237 0.05337 0.05656
0 0.27044 0.32363 0.04019 0.05948
0 0.27059 0.366 0.04660 0.02526
0 0.26925 0.39149 0.05743 0.01888
0 0.26890 0.42942 0.04999 0.04289
0 0.26722 0.48240 0.07499 0.05085
0 0.25236 0.51767 0.05338 0.03465
0 0.25236 0.55492 0.05338 0.04823
0 0.17888 0.59267 0.16319 0.01617
0 0.17905 0.62019 0.17837 0.03366
0 0.17595 0.65891 0.16410 0.04313
0 0.23676 0.71122 0.05754 0.04924
0 0.03243 0.76201 0.05 0.04211
0 0.22566 0.76814 0.05000 0.05755
0 0.17769 0.81755 0.18241 0.03038
0 0.46249 0.39221 0.06418 0.03037
0 0.63513 0.28349 0.07162 0.05084
0 0.60101 0.14758 0.05337 0.11527
0 0.40861 0.04448 0.03682 -0.06962
0 0.40861 0.02049 0.03682 0.03979
0 0.3679 0.0431 0.07499 0.03229
0 0.35580 0.13479 0.09243 0.14085
0 0.35540 0.26062 0.04999 0.04925
0 0.3463 0.33786 0.08848 0.07132
0 0.34948 0.41536 0.08141 0.05937
0 0.46621 0.31238 0.07162 0.04722
0 0.46823 0.35761 0.06081 0.03477
0 0.46486 0.25023 0.06081 0.05597
0 0.44701 0.05078 0.08162 0.03038
0 0.45558 0.13575 0.07062 0.13573
0 0.70337 0.29386 0.04999 0.02627
0 0.61548 0.22983 0.06090 0.04559
0 0.65337 0.15274 0.05000 0.13901
0 0.72330 0.32665 0.04661 0.03548
