0 0.50726 0.55726 0.05280 0.01340
0 0.86546 0.15532 0.05093 0.14401
0 0.54842 0.25619 0.04727 0.0169
0 0.56495 0.32201 0.04827 0.02864
0 0.66913 0.4484 0.04737 0.02360
0 0.40191 0.55654 0.04736 0.02535
0 0.72703 0.40880 0.05291 0.02250
0 0.28663 0.55974 0.04181 0.02535
0 0.32850 0.30802 0.05651 0.03195
0 0.33400 0.27090 0.05293 0.02884
0 0.49402 0.06525 0.06004 0.03556
0 0.41043 0.02974 0.07328 0.05935
0 0.45725 0.02922 0.07438 -0.04568
0 0.54088 0.06847 0.06996 -0.05599
0 0.64030 0.07766 0.07984 0.04400
0 0.66690 0.04572 0.04293 0.03731
0 0.72501 0.02604 0.05551 0.04206
0 0.62360 0.07016 0.05995 0.03215
0 0.68633 0.07844 0.03737 0.01615
0 0.56495 0.05965 0.04827 0.02086
0 0.60204 0.0625 0.05996 -0.06444
0 0.64938 0.05626 0.04193 -0.06848
0 0.58012 0.0706 0.05884 0.03979
0 0.45150 0.25831 0.05182 0.03656
0 0.45003 0.29038 0.04736 0.03071
0 0.38877 0.32011 0.03737 0.03536
0 0.25684 0.62469 0.03405 0.03534
0 0.34788 0.62069 0.04293 0.03984
0 0.29779 0.71801 0.04637 0.02535
0 0.16132 0.71305 0.15552 0.02535
0 0.17057 0.77062 0.14737 0.03205
0 0.26966 0.77463 0.04192 0.02810
0 0.16576 0.79899 0.15552 0.02059
0 0.26123 0.80219 0.05171 0.01361
0 0.30149 0.69493 0.03749 0.02371
0 0.28354 0.64922 0.04652 0.02711
0 0.22427 0.68565 0.04737 0.02534
0 0.24092 0.84044 0.02590 0.02039
0 0.14331 0.84129 0.12858 0.03061
0 0.12468 0.87714 0.15181 0.02711
0 0.02508 0.92373 0.03849 0.03186
0 0.17131 0.91445 0.14737 0.02361
0 0.06431 0.90333 0.04736 0.01185
0 0.27706 0.58277 0.04637 0.02360
0 0.34516 0.55304 0.04837 0.02536
0 0.33567 0.58043 0.05995 0.02887
0 0.37828 0.58277 0.04450 0.02710
