0 0.67425 0.04103 0.03137 0.02527
0 0.72961 0.55741 0.05437 0.04082
0 0.73194 0.61553 0.05088 0.05025
0 0.59588 0.04466 0.02135 0.03567
0 0.63934 0.04451 0.03136 0.03222
0 0.52928 0.32601 0.05384 0.04073
0 0.65053 0.32299 0.03500 0.03468
0 0.65151 0.35822 0.03697 0.04074
0 0.72198 0.37605 0.08384 0.02526
0 0.71893 0.40381 0.06982 0.03277
0 0.73047 0.44194 0.06686 0.06778
0 0.52366 0.37448 0.04142 0.04231
0 0.58606 0.44268 0.02796 0.06630
0 0.59313 0.38300 0.05372 0.04926
0 0.51804 0.41313 0.03135 0.02626
0 0.64889 0.43182 0.04339 0.05826
0 0.65304 0.39737 0.03390 0.02368
0 0.51474 0.47468 0.05669 0.03872
0 0.49881 0.52265 0.05088 0.04530
0 0.57370 0.49262 0.05274 0.02030
0 0.56216 0.54322 0.05571 0.04521
0 0.65502 0.6244 0.05088 0.03883
0 0.645 0.65755 0.05000 0.03378
0 0.63228 0.69266 0.06441 0.02884
0 0.57812 0.84728 0.04384 0.03558
0 0.60413 0.77344 0.03786 0.10197
0 0.42899 0.54952 0.05087 0.03893
0 0.36508 0.55714 0.05088 0.03378
0 0.30793 0.53094 0.04427 0.04578
0 0.36681 0.60337 0.04152 0.05488
0 0.28317 0.60314 0.03381 0.01020
0 0.29464 0.57369 0.02481 0.03278
0 0.22514 0.61682 0.04438 0.03378
0 0.17632 0.64219 0.15385 0.02030
0 0.17307 0.66182 0.14733 0.01515
0 0.16655 0.68689 0.14734 0.03320
0 0.06272 0.64997 0.04733 0.05588
0 0.05325 0.70552 0.06036 0.05025
0 0.03751 0.75954 0.03501 0.03378
0 0.06753 0.79349 -0.03412 0.03032
0 0.15541 0.7256 0.14989 0.03725
0 0.14585 0.76772 0.15681 0.04635
0 0.32360 0.73317 0.05077 0.05242
0 0.30763 0.77576 0.05079 0.02536
0 0.30147 0.81509 0.04438 0.04837
0 0.22957 0.81082 0.04734 0.03984
0 0.26444 0.72486 0.04723 0.03872
0 0.271 0.69071 0.04733 0.02873
0 0.27603 0.65013 0.04437 0.04927
0 0.33765 0.66877 0.06585 0.05935
0 0.384 0.71376 0.04393 0.03378
0 0.4103 0.66687 0.04447 0.05242
0 0.42198 0.5903 0.03686 0.03883
0 0.42398 0.62193 0.04786 0.03367
0 0.46892 0.69345 0.05385 0.02726
0 0.47961 0.64476 0.05035 0.04231
0 0.48680 0.60671 0.02687 0.03377
0 0.48907 0.56219 0.03735 0.03378
0 0.56719 0.59819 0.06577 0.05082
0 0.55645 0.63719 0.06320 0.02020
0 0.55275 0.67887 0.05579 0.04925
0 0.53579 0.71976 0.05384 0.04578
0 0.52603 0.77343 0.04733 0.04072
0 0.44943 0.74534 0.07982 0.04577
0 0.43966 0.78843 0.07332 0.03031
0 0.43641 0.82372 0.06681 0.03269
0 0.51952 0.81222 0.06035 0.03369
0 0.37812 0.74849 0.04385 0.03882
0 0.37124 0.78764 0.04449 0.03569
0 0.35506 0.82572 0.04999 0.04972
0 0.60739 0.32804 0.06332 0.04478
