0 0.67295 0.04944 0.14675 0.08979
0 0.52934 0.07361 0.11948 -0.00282
0 0.32284 0.06562 0.13837 -0.00651
0 0.14705 0.17565 0.1545 0.21675
0 0.27198 0.18308 0.05779 0.20456
0 0.1544 0.34192 0.22788 0.08366
0 0.12035 0.44454 0.15979 0.07502
0 0.58594 0.37137 0.12788 0.06625
0 0.54981 0.45501 0.10172 0.09117
0 0.35534 0.46986 0.10272 0.07872
0 0.45411 0.46986 0.08967 0.07872
0 0.51152 0.56997 0.08384 0.07989
0 0.60167 0.61187 0.08805 0.11429
0 0.68657 0.61438 0.08595 0.12177
0 0.7914 0.62176 0.11529 0.10946
0 0.7343 0.77297 0.09334 0.06503
0 0.69391 0.87895 0.10902 0.09694
0 0.55869 0.86461 0.13627 0.07118
