0 0.23038 0.82149 0.04384 0.04198
0 0.24153 0.88291 0.02699 0.05403
0 0.14048 0.88703 0.13352 0.04408
0 0.14088 0.83097 0.12384 0.04380
0 0.04243 0.77909 -0.07513 0.03330
0 0.28787 0.74945 0.03442 0.03202
0 0.36134 0.75118 0.02700 0.03028
0 0.29946 0.67113 0.04192 0.05105
0 0.39741 0.70178 0.02015 0.07777
0 0.42487 0.68448 0.03175 0.07169
0 0.48085 0.75373 0.08021 0.04058
0 0.38008 0.61033 0.04755 0.07572
0 0.42114 0.60298 0.03778 0.09043
0 0.46230 0.59079 0.04353 0.06001
0 0.49741 0.58192 0.02102 0.04831
0 0.24964 0.60444 0.03517 0.04076
0 0.21966 0.63195 0.03788 0.05674
0 0.07633 0.62891 0.02701 0.05067
0 0.0461 0.57242 0.02700 0.04683
0 0.07573 0.57240 0.03386 0.03535
0 0.16059 0.57529 0.13265 0.05842
0 0.24516 0.55418 0.03165 0.04762
0 0.05174 0.48030 0.03265 0.04933
0 0.15005 0.46126 0.11921 0.04672
0 0.04489 0.42383 0.04071 0.05409
0 0.45263 0.45845 0.02983 0.02898
0 0.45757 0.37354 0.02296 0.02899
0 0.60801 0.38078 0.03507 0.02595
0 0.66535 0.26546 0.02920 0.07572
0 0.69925 0.22844 0.01800 0.04505
0 0.70035 0.27664 0.01579 0.02799
0 0.72837 0.24441 0.04505 0.04774
0 0.76802 0.24289 0.03105 0.04470
0 0.74022 0.27606 0.03264 0.02163
0 0.75775 0.33287 0.02983 0.05574
0 0.78305 0.32837 0.04454 0.05529
0 0.68218 0.3771 0.02298 0.01860
0 0.77881 0.47309 0.03606 0.02565
0 0.59616 0.46731 0.01701 0.02335
0 0.65073 0.53569 0.01732 0.02597
0 0.66958 0.53843 0.02198 0.03605
0 0.86537 0.47706 0.02176 0.03764
0 0.86074 0.39023 0.02015 0.02754
0 0.91928 0.40933 0.04252 0.09172
0 0.56347 0.58911 0.02820 0.03932
0 0.56428 0.64125 0.02983 0.06410
0 0.60378 0.60319 0.03788 0.05538
0 0.59596 0.65187 0.02788 0.04197
0 0.63799 0.61396 0.02408 0.05981
0 0.6812 0.61440 0.04279 0.07280
0 0.65301 0.67481 0.04583 0.05235
0 0.65920 0.73387 0.02297 0.05104
0 0.68756 0.73257 0.02568 0.06577
0 0.76984 0.76157 0.03788 0.03634
0 0.75352 0.64640 0.02700 0.04832
0 0.77548 0.68127 0.03788 0.04538
0 0.86326 0.63067 0.02517 0.05235
0 0.82490 0.62556 0.03983 0.04932
0 0.89257 0.63146 0.03265 0.05077
0 0.8949 0.57266 0.02800 0.05576
0 0.83054 0.5729 0.04788 0.04500
0 0.86396 0.57625 0.03265 0.04842
0 0.80607 0.85179 0.03395 0.04369
0 0.79623 0.90653 0.01429 0.04500
0 0.83836 0.8559 0.02176 0.02336
0 0.84310 0.90284 0.04452 0.05236
