0 0.47487 0.05245 0.06967 0.03317
0 0.56441 0.07142 0.07276 0.04501
0 0.66377 0.0287 0.06651 -0.0574
0 0.66275 0.06006 0.06446 -0.07947
0 0.77072 0.0423 0.04503 -0.0302
0 0.63978 0.22167 0.07356 0.03283
0 0.42271 0.01680 0.06141 0.03253
0 0.43090 0.22275 0.04503 0.04370
0 0.44727 0.32815 0.04094 0.05469
0 0.65097 0.32420 0.04504 0.03914
0 0.57024 0.41258 0.05957 0.03197
0 0.10478 0.50032 0.20031 0.08740
0 0.26466 0.50634 0.07077 0.08771
0 0.35539 0.50553 0.09621 0.10047
0 0.45815 0.50586 0.10110 0.09587
0 0.58745 0.52902 0.11882 0.12133
0 0.26401 0.5717 0.07789 0.02273
0 0.25792 0.67579 0.06140 0.04044
0 0.44524 0.69323 0.09004 0.05445
0 0.35721 0.79923 0.06346 0.06293
0 0.45394 0.81047 0.04604 0.04044
0 0.44727 0.77738 0.04094 0.03295
