0 0.60362 0.12119 0.13456 0.16313
0 0.78618 0.11981 0.17220 0.1659
0 0.30045 0.03094 0.19674 0.04317
0 0.44686 0.31704 0.11965 0.07556
0 0.18673 0.3526 0.22377 0.10059
0 0.08752 0.28525 -0.00176 0.03593
0 0.33539 0.33502 0.08926 0.10046
0 0.39881 0.41981 0.09822 0.07095
0 0.19057 0.43865 0.23145 0.06073
0 0.04341 0.58939 0.07465 0.09125
0 0.30942 0.60963 0.17093 0.07841
0 0.32023 0.76912 0.14145 0.13732
0 0.12484 0.71289 0.19823 0.05991
0 0.12484 0.80501 0.19823 0.05796
0 0.53822 0.76266 0.07089 0.07280
0 0.63064 0.75802 0.08644 0.04508
0 0.68565 0.66312 0.07465 0.05069
0 0.79174 0.69538 0.07465 0.05069
0 0.50098 0.91059 0.10215 0.04609
0 0.69640 0.92672 0.08065 0.06359
0 0.66592 0.51332 0.11412 0.09393
0 0.6552 0.40963 0.13555 0.08194
0 0.80549 0.41335 0.15718 0.10783
0 0.79174 0.53732 0.08645 0.02395
