0 0.25403 0.47748 0.03211 0.02038
0 0.256 0.51049 0.02740 0.03346
0 0.21701 0.50820 0.03211 0.03497
0 0.21898 0.47398 0.02741 0.02190
0 0.1411 0.48960 0.13219 0.03751
0 0.30292 0.46653 0.01066 0.02768
0 0.34519 0.46516 0.03461 0.03042
0 0.34950 0.50306 0.02499 0.01311
0 0.35238 0.56387 0.02408 0.01734
0 0.33461 0.56434 0.01827 0.01582
0 0.30677 0.56464 -0.00085 0.00729
0 0.26417 0.58000 0.02066 0.02037
0 0.24807 0.58000 0.02500 0.02037
0 0.14738 0.57799 0.11407 0.00478
0 0.05215 0.56429 0.03221 0.03051
0 0.02071 0.56829 0.02587 0.01461
0 0.05456 0.60054 0.0274 0.01460
0 0.05759 0.63457 0.025 0.01895
0 0.06586 0.65879 0.02307 0.02039
0 0.15023 0.61881 0.10837 0.03037
0 0.22095 0.62939 0.02826 0.00861
0 0.23723 0.61131 0.02640 0.02146
0 0.26007 0.61438 0.01926 0.01308
0 0.31129 0.60862 0.02740 0.00156
0 0.33004 0.60176 0.00912 0.01156
0 0.35643 0.59676 0.02076 0.01312
0 0.16581 0.66331 0.13452 0.01483
0 0.24175 0.66609 0.01736 0.01734
0 0.26701 0.66134 0.03210 0.02139
0 0.30937 0.65241 0.03221 0.02768
0 0.34182 0.65464 0.02307 0.01209
0 0.36319 0.65966 0.01486 0.02213
0 0.36100 0.69546 0.02990 0.02312
0 0.31581 0.70075 0.03643 0.00449
0 0.27643 0.74505 0.01827 0.01156
0 0.27548 0.7585 0.02500 0.01691
0 0.24345 0.75235 0.02077 0.01460
0 0.21855 0.76041 0.02827 0.02464
0 0.06105 0.71672 0.03654 0.02745
0 0.06393 0.74444 0.04613 0.02190
0 0.12956 0.78089 0.15048 0.03032
0 0.26773 0.86796 0.04146 0.04076
0 0.27882 0.90220 0.03754 0.01312
0 0.29716 0.93229 0.01740 0.01734
0 0.32288 0.95552 0.03308 0.02911
0 0.3483 0.94487 0.02739 0.03095
0 0.34038 0.89123 0.02500 0.01734
0 0.57305 0.89149 0.02599 0.01785
0 0.51466 0.8386 0.02740 0.01734
0 0.58533 0.60488 0.02067 0.00824
0 0.60461 0.60488 0.00346 0.00824
0 0.63749 0.61646 0.02307 0.01724
0 0.5887 0.56231 0.02740 0.02048
0 0.58413 0.5829 0.01826 0.01459
0 0.61441 0.56966 0.01827 0.01734
0 0.64422 0.57614 0.01827 0.01571
0 0.68600 0.60488 0.01817 0.00824
0 0.72336 0.62596 0.03499 0.03312
0 0.5909 0.65530 0.02219 0.02190
0 0.58221 0.69754 0.02307 0.04491
0 0.62382 0.70354 0.03399 0.00155
0 0.69595 0.71236 0.01500 0.02461
0 0.59398 0.74201 0.01990 0.02311
0 0.58268 0.75195 0.01153 0.01624
0 0.61854 0.75097 0.02345 0.01735
0 0.67182 0.75119 0.02749 0.01778
0 0.69057 0.76832 0.00903 0.01734
0 0.70883 0.76279 0.02749 0.01480
0 0.76874 0.71961 0.03652 0.03323
0 0.77042 0.74809 0.02066 0.02312
0 0.77835 0.64046 0.03653 0.02037
0 0.81778 0.64856 0.02306 0.02302
0 0.77978 0.67340 0.02206 0.01734
0 0.7962 0.67503 0.01739 0.02868
0 0.64367 0.90751 0.04725 0.02616
0 0.65595 0.87369 0.03210 0.02929
0 0.54831 0.94802 0.03893 0.03194
0 0.44733 0.50017 0.03321 0.00733
0 0.3998 0.50481 0.01500 0.00961
0 0.43773 0.55795 0.02067 0.02920
0 0.46009 0.55353 0.02500 0.03193
0 0.46393 0.61069 0.01827 0.01985
0 0.45384 0.59213 0.02981 0.01013
0 0.49546 0.55217 0.01306 0.02920
0 0.54254 0.56098 0.02741 0.01156
0 0.27425 0.06559 0.02840 0.03019
0 0.30696 0.06559 0.02740 0.03019
0 0.29908 0.21716 0.01739 0.02627
0 0.31752 0.14834 0.02641 0.12311
0 0.34614 0.07797 0.02309 0.04076
0 0.3762 0.07624 0.02740 0.02048
0 0.34855 0.21225 0.01827 0.01644
0 0.38052 0.21427 0.02741 0.02049
0 0.57614 0.08162 0.01577 0.02190
0 0.60985 0.08238 0.03220 0.03498
0 0.58413 0.15941 0.03654 0.12211
0 0.61417 0.21050 0.03220 0.02055
0 0.66051 0.08086 0.02297 0.03498
0 0.69062 0.08086 0.02739 0.03498
0 0.64658 0.15202 0.02298 0.10734
0 0.65023 0.22417 0.02066 0.00678
0 0.30172 0.2622 0.00827 0.01634
0 0.04901 0.40665 0.03753 0.03284
0 0.02211 0.3892 0.03653 0.02760
0 0.05215 0.37354 0.03221 0.02301
0 0.02422 0.36568 0.03231 0.01582
0 0.02422 0.34726 0.03231 0.01733
0 0.05456 0.34742 0.0274 0.02312
0 0.06124 0.31687 0.03231 0.03189
0 0.03354 0.32654 0.02309 0.01256
0 0.16100 0.3117 0.12991 0.01852
0 0.29759 0.30939 0.01827 0.02313
0 0.31633 0.31091 0.01828 0.02617
0 0.33305 0.29983 0.02600 0.01312
0 0.35959 0.29693 0.02207 0.00733
0 0.35959 0.26254 0.02207 0.01156
0 0.33214 0.26344 0.02417 0.02189
0 0.51249 0.31383 0.02307 0.02581
0 0.48846 0.30302 0.01153 0.01039
0 0.45696 0.29693 0.03221 0.00733
0 0.42686 0.29993 0.03643 0.01029
0 0.46298 0.26056 0.02500 0.02767
0 0.40743 0.25033 0.02639 0.01937
0 0.42408 0.25463 0.03739 0.02190
0 0.49422 0.25752 0.02306 0.01309
0 0.51470 0.25812 0.02827 0.02038
0 0.54325 0.26569 0.02600 0.02942
0 0.56537 0.26401 0.01824 0.02607
0 0.59561 0.26767 0.02316 0.01876
0 0.64423 0.26858 0.03654 0.02363
0 0.68816 0.27136 0.03231 0.02921
0 0.59228 0.3013 0.01727 0.00146
0 0.5986 0.30739 0.01068 0.00470
0 0.64759 0.31626 0.02499 0.02156
0 0.7459 0.32067 0.02740 0.03038
0 0.70141 0.31609 0.04233 0.03345
0 0.45047 0.45279 0.04615 0.01480
0 0.52336 0.49066 0.03308 0.02321
0 0.49785 0.49437 0.01408 0.01886
0 0.54831 0.41833 0.03893 0.02733
0 0.54805 0.37613 0.03561 0.02820
0 0.59307 0.52296 0.02654 0.02920
0 0.5899 0.48128 0.02980 0.03650
0 0.62115 0.47687 0.03654 0.02768
0 0.65816 0.48569 0.01827 0.02465
0 0.69401 0.52945 0.02752 0.03915
0 0.69134 0.49589 0.02500 0.01885
0 0.7399 0.51171 0.02980 0.03042
0 0.78483 0.52296 0.02839 0.02920
0 0.82283 0.52369 0.04452 0.03930
0 0.1598 0.40535 0.1275 0.00469
0 0.41441 0.40099 0.02981 0.00734
0 0.32067 0.40535 0.04615 0.00469
0 0.64855 0.41492 0.03654 0.01207
0 0.75519 0.41544 0.02971 0.02155
0 0.90937 0.39199 0.03221 0.02465
0 0.9195 0.38606 0.03500 0.01885
0 0.90985 0.3599 0.03220 0.01885
