0 0.38389 0.83263 0.11360 0.10877
0 0.27709 0.71358 0.10429 0.14603
0 0.06446 0.68905 0.02279 0.16240
0 0.19533 0.59064 0.21051 0.07950
0 0.35695 0.65843 0.09589 0.2368
0 0.40899 0.37511 0.14315 0.13378
0 0.43058 0.03737 0.15360 0.05718
0 0.46114 0.18799 0.12884 0.20500
0 0.52964 0.45397 0.07771 0.15202
0 0.62167 0.40445 0.08589 0.12273
0 0.76698 0.48395 0.07383 0.10321
0 0.87729 0.52719 0.08588 0.14505
0 0.65348 0.5523 0.08770 0.13667
0 0.54918 0.63319 0.11679 0.1311
0 0.57168 0.78445 0.13270 0.16308
0 0.54192 0.90236 0.12269 0.07531
