0 0.48502 0.04893 0.03749 0.03781
0 0.37084 0.04941 0.04844 -0.08872
0 0.32998 0.05957 0.04078 0.04650
0 0.28442 0.3084 0.04844 0.03567
0 0.45583 0.33542 0.04559 0.06200
0 0.64718 0.32675 0.03322 0.04466
0 0.69342 0.41567 0.02124 0.02126
0 0.69015 0.45221 0.03558 0.04277
0 0.80196 0.48053 0.04278 0.03908
0 0.23811 0.48817 0.07078 0.04335
0 0.41025 0.52048 0.04557 0.04964
0 0.60920 0.51575 0.04842 0.04019
0 0.55317 0.5143 0.03515 0.02734
0 0.23003 0.61213 0.05842 0.02373
0 0.22216 0.64223 0.03619 0.03466
0 0.29866 0.87701 0.04842 0.03793
0 0.03901 0.79392 -0.07010 0.02915
0 0.46960 0.85883 0.05223 0.04391
0 0.63649 0.86484 0.06413 0.04491
