0 0.38304 0.07869 0.04592 0.02746
0 0.05857 0.28633 0.03863 0.02477
0 0.3503 0.40186 0.03954 0.0509
0 0.40430 0.38297 0.04313 0.04459
0 0.06082 0.42498 0.06649 0.04219
0 0.05528 0.53945 0.05042 0.02889
0 0.12464 0.66136 0.15121 0.04342
0 0.37905 0.64467 0.03793 0.02880
0 0.67699 0.41593 0.04042 0.03617
0 0.87735 0.43318 0.06020 0.02578
0 0.89122 0.40021 0.02864 0.01277
0 0.86073 0.29238 0.04672 0.02483
0 0.17147 0.90936 0.1548 0.04263
0 0.40745 0.90516 0.05840 0.04632
0 0.04369 0.81044 0.04661 0.02009
0 0.87331 0.67681 0.07188 0.04623
0 0.7601 0.72506 0.04492 0.04483
0 0.80997 0.7274 0.03864 0.03880
0 0.84680 0.80877 0.07816 0.04086
0 0.75291 0.80268 0.05031 0.04076
0 0.60646 0.65137 0.07186 0.04220
0 0.66481 0.51875 0.03044 0.04220
0 0.39442 0.51941 0.07008 0.05826
0 0.84680 0.56106 0.07816 0.06205
