0 0.26918 0.39315 0.07307 0.07561
0 0.32094 0.35996 0.04263 0.15193
0 0.35505 0.41215 0.04506 0.05284
0 0.44749 0.29783 0.07942 0.15446
0 0.55967 0.36619 0.07184 0.07455
0 0.77513 0.17126 0.05456 0.19643
0 0.33501 0.6839 0.09002 0.14869
0 0.46340 0.61888 0.06933 0.08323
0 0.48903 0.75688 0.10596 0.17975
0 0.69621 0.45508 0.04771 0.10171
0 0.73068 0.46395 0.05384 0.12095
0 0.83860 0.52042 0.06455 0.07916
0 0.60230 0.73645 0.06700 0.07792
0 0.3045 0.16003 0.10231 0.21361
0 0.059 0.47027 -0.0184 0.20079
