0 0.51551 0.40262 0.04103 0.01072
0 0.43359 0.36561 0.05273 0.01283
0 0.43554 0.38612 0.07617 0.01985
0 0.27148 0.37749 0.0625 0.02105
0 0.53062 0.29766 0.05984 0.01958
0 0.49790 0.14548 0.01541 0.12364
0 0.43884 0.07492 0.06957 0.01431
0 0.67621 0.04984 0.05557 0.01958
0 0.68943 0.70541 0.06247 0.04075
0 0.70214 0.75165 0.05271 0.02512
0 0.76951 0.70361 0.04098 0.04213
0 0.78026 0.74907 0.04882 0.03029
0 0.82079 0.70754 0.05175 0.05496
0 0.55566 0.69548 0.05274 0.01847
0 0.59765 0.78140 0.05859 0.02623
0 0.64111 0.48668 0.06347 0.03322
0 0.64642 0.54101 0.05284 0.03695
0 0.72656 0.48668 0.03905 0.03620
0 0.71429 0.54582 0.05555 0.03844
0 0.78601 0.48391 0.03882 0.05208
0 0.78991 0.54378 0.03883 0.03437
0 0.53167 0.58948 0.07335 0.02302
0 0.52392 0.49366 0.07324 0.02872
