0 0.68819 0.36224 0.09028 0.13629
0 0.77564 0.33992 0.04316 0.07169
0 0.79160 0.50753 0.08877 0.12507
0 0.64503 0.11681 0.08194 0.21383
0 0.74533 0.14221 0.09066 0.11631
0 0.47624 0.30897 0.06361 0.02976
0 0.15624 0.43381 0.16805 0.08643
0 0.14374 0.52595 0.18195 0.06304
0 0.14786 0.62051 0.16240 0.04449
0 0.15966 0.70642 0.14733 0.06303
0 0.28888 0.44926 0.06667 0.10742
0 0.27271 0.63175 0.07344 0.12336
0 0.35480 0.53645 0.05148 0.11371
0 0.42519 0.61243 0.06906 0.03327
0 0.55763 0.62854 0.0625 0.06798
0 0.63814 0.62434 0.06816 0.07191
0 0.75688 0.62602 0.05823 0.03595
