0 0.63693 0.06034 0.07208 0.04089
0 0.63963 0.28921 0.07852 0.12957
0 0.64632 0.41764 0.04620 0.07471
0 0.72980 0.06845 0.08046 0.02219
0 0.72693 0.27306 0.06781 0.13466
0 0.72876 0.43952 0.07564 0.10100
0 0.80805 0.04537 0.05686 -0.02395
0 0.80681 0.20062 0.04254 0.20473
0 0.87025 0.16819 0.07465 0.23965
0 0.48163 0.14399 0.09359 0.11842
0 0.47926 0.30673 0.10308 0.08230
0 0.48636 0.42144 0.07702 0.08478
0 0.37592 0.17442 0.05280 0.21969
0 0.38566 0.42518 0.08411 0.12968
0 0.28139 0.23179 0.09598 0.29700
