0 0.08054 0.50877 0.03256 0.06949
0 0.03452 0.50396 0.029 0.07013
0 0.28235 0.52084 0.03329 0.04828
0 0.21670 0.65581 0.03269 0.06217
0 0.07259 0.64642 0.03028 0.07509
0 0.32361 0.52481 0.03255 0.06957
0 0.42808 0.50456 0.03860 0.05103
0 0.47804 0.51901 0.04164 0.02266
0 0.28008 0.81637 0.02877 0.05704
0 0.32348 0.75066 0.03887 0.09631
0 0.28908 0.88135 0.03314 0.03777
0 0.47653 0.75603 0.03558 0.0534
0 0.52611 0.75004 0.04088 0.05952
0 0.56812 0.67848 0.05071 0.03583
0 0.57759 0.5346 0.04541 0.0524
0 0.71536 0.55925 0.03482 0.03437
0 0.75505 0.55559 0.04003 0.06657
0 0.68412 0.70336 0.03290 0.04902
0 0.42720 0.64715 0.04744 0.07657
0 0.33951 0.66568 0.03406 0.05559
