0 0.44311 0.68968 0.11377 0.07935
0 0.49994 0.79631 0.11988 0.05179
0 0.73123 0.69365 0.07646 0.01269
0 0.46206 0.41298 0.07681 0.06448
0 0.45158 0.47663 0.08783 0.05210
0 0.35128 0.42697 0.08483 0.05715
0 0.4446 0.56165 0.1078 0.07729
0 0.65493 0.35118 0.13022 0.03731
0 0.5928 0.53872 0.0988 0.03661
0 0.72754 0.50862 0.08384 0.02360
0 0.73048 0.55158 0.10489 0.04603
0 0.38921 0.34761 0.21256 0.05396
0 0.57807 0.05872 0.05437 0.02223
0 0.69985 0.04936 0.10029 -0.07904
0 0.70728 0.04325 0.10040 0.04524
