0 0.81703 0.03294 0.07392 -0.05137
0 0.85176 0.12376 0.09411 0.19346
0 0.83852 0.27198 0.06411 0.05537
0 0.80111 0.34679 0.10577 0.08166
0 0.78823 0.44624 0.07057 0.08469
0 0.71764 0.10367 0.08940 0.19283
0 0.66273 0.37804 0.12394 0.05451
0 0.52302 0.05423 0.09547 -0.06092
0 0.27764 0.07327 0.06118 -0.03385
0 0.36738 0.09412 0.06675 -0.01041
0 0.47382 0.25872 0.06763 0.10095
0 0.75999 0.69124 0.07059 0.16470
0 0.67029 0.70271 0.06057 0.13527
0 0.29479 0.55211 0.08806 0.09445
0 0.25411 0.77931 0.10352 0.08306
