0 0.31547 0.36964 0.03364 0.02822
0 0.26467 0.40280 0.02754 0.0116
0 0.14267 0.49362 0.12916 0.01680
0 0.22369 0.49036 0.04587 0.02616
0 0.32465 0.44199 0.04468 0.02557
0 0.68497 0.46735 0.03823 0.02513
0 0.64840 0.53169 0.03489 0.02261
0 0.66927 0.54889 0.03843 0.02325
0 0.56211 0.57294 0.04468 0.02482
0 0.69120 0.59152 0.02230 0.02293
0 0.68997 0.68857 0.03376 0.02381
0 0.26062 0.58226 0.05935 0.04675
0 0.15267 0.57895 0.14384 0.03220
0 0.14675 0.59733 0.11897 0.01779
0 0.36382 0.50854 0.04100 0.03891
0 0.41120 0.49102 0.05375 0.03543
0 0.64657 0.40148 0.03856 0.00895
0 0.51952 0.46448 0.03295 0.03616
0 0.65880 0.25121 0.04835 0.04544
0 0.87540 0.15924 0.04476 0.13849
0 0.77305 0.03854 0.04507 -0.06291
0 0.77294 0.03453 0.05384 0.02293
0 0.7708 0.07395 0.03488 0.0321
0 0.87352 0.29488 0.04100 0.05778
0 0.86898 0.32715 0.03191 0.03558
0 0.73652 0.71658 0.02632 0.03750
0 0.68680 0.78208 0.03456 0.03440
