0 0.84353 0.05159 0.07308 -0.05149
0 0.78048 0.11629 0.12092 0.1754
0 0.77450 0.23752 0.15904 0.05949
0 0.77931 0.30434 0.14943 0.06865
0 0.62745 0.03077 0.09585 -0.05286
0 0.62091 0.05367 0.13507 0.04665
0 0.6106 0.16601 0.14059 0.16498
0 0.62417 0.29610 0.12855 0.05492
0 0.64205 0.35605 0.12507 0.05674
0 0.60457 0.40983 0.16776 0.04073
0 0.57006 0.45647 0.132 0.04704
0 0.59476 0.50686 0.14815 0.06177
0 0.75425 0.50613 0.09238 0.05225
0 0.75098 0.55445 0.11200 0.03889
0 0.76906 0.61071 0.122 0.03990
0 0.72657 0.66475 0.10238 0.04989
0 0.61437 0.61052 0.16122 0.04575
0 0.62091 0.66498 0.10893 0.05492
0 0.64596 0.7302 0.15904 0.05080
0 0.66180 0.77871 0.07743 0.04073
0 0.66284 0.82973 0.11436 0.04027
0 0.50544 0.07391 0.12200 0.04987
0 0.4891 0.05441 0.12854 0.04812
0 0.46296 0.16483 0.12854 0.14814
0 0.44111 0.28721 0.17223 0.04263
0 0.42908 0.34502 0.12200 0.04587
0 0.44771 0.42654 0.09804 0.06041
0 0.43572 0.49924 0.12201 0.0605
0 0.44216 0.54905 0.12379 0.04202
0 0.47553 0.61395 0.09032 0.04713
0 0.45424 0.66955 0.15904 0.04027
0 0.45047 0.72288 0.14043 0.03615
0 0.4891 0.77070 0.10239 0.05674
0 0.49237 0.82855 0.1743 0.04338
