0 0.92414 0.32271 0.04769 0.05993
0 0.93077 0.39116 0.04662 0.06182
0 0.88735 0.35028 0.03064 0.05904
0 0.4272 0.35893 0.03565 0.05183
0 0.40052 0.35835 0.00335 0.06310
0 0.38477 0.36889 0.01574 0.02360
0 0.35591 0.32271 0.03912 0.05993
0 0.34136 0.39179 0.03195 0.06308
0 0.33945 0.45420 0.02815 0.05163
0 0.33587 0.51481 0.02099 0.05677
0 0.30652 0.28174 0.04054 0.04991
0 0.29652 0.35582 0.01575 0.05805
0 0.29699 0.42523 0.00719 0.07445
0 0.29675 0.49981 0.02576 0.06209
0 0.02475 0.82643 0.04149 0.08087
0 0.05166 0.82396 0.01727 0.05046
0 0.1394 0.83785 0.13912 0.06435
0 0.22868 0.82554 0.01662 0.05615
0 0.26115 0.81665 0.02825 0.04467
0 0.31482 0.81261 0.03045 0.03407
