0 0.78065 0.06507 0.04481 -0.03160
0 0.88738 0.02976 0.02711 0.04914
0 0.85671 0.38296 0.05543 0.05144
0 0.78242 0.39354 0.04835 0.03203
0 0.77034 0.52065 0.07137 0.04999
0 0.72228 0.70565 0.05307 0.04954
0 0.67933 0.77470 0.08272 0.06827
0 0.64122 0.85434 0.07367 0.03912
0 0.50589 0.85325 0.03301 0.05144
0 0.54652 0.85239 0.02703 0.06478
0 0.54946 0.24572 0.04705 0.07376
0 0.44605 0.03303 0.07956 0.05854
0 0.05612 0.05869 -0.05755 -0.06812
0 0.02567 0.33402 0.05054 0.06796
0 0.15164 0.34166 0.14952 0.06884
0 0.16108 0.46557 0.15660 0.04421
