0 0.45931 0.82683 0.17306 0.07350
0 0.29659 0.80565 0.11390 0.04940
0 0.27662 0.72421 0.10355 0.05637
0 0.12176 0.78607 0.17136 0.03834
0 0.41641 0.67185 0.12573 0.05369
0 0.43121 0.73053 0.12574 0.06001
0 0.16325 0.67860 0.25433 0.05631
0 0.30769 0.6431 0.13018 0.03380
0 0.16745 0.50943 0.17396 0.05846
0 0.15955 0.58629 0.20255 0.03298
0 0.47263 0.52684 0.15531 0.05909
0 0.32618 0.52151 0.08432 0.04288
0 0.3419 0.58291 0.08226 0.04016
0 0.36328 0.45166 0.11343 0.03759
0 0.50956 0.44145 0.11104 0.03115
0 0.47182 0.58737 0.10366 0.03833
0 0.25826 0.40327 0.10162 0.04842
0 0.38535 0.38157 0.1139 0.04564
0 0.52168 0.38238 0.10159 0.05477
0 0.50739 0.2508 0.13017 0.087
0 0.39052 0.2602 0.10355 0.07893
