0 0.90615 0.35517 0.06818 0.09882
0 0.91036 0.48748 0.06731 0.12187
0 0.82291 0.34923 0.04403 0.11721
0 0.82563 0.49619 0.04159 0.11752
0 0.7594 0.33455 0.04527 0.05103
0 0.76419 0.40305 0.04779 0.06202
0 0.72124 0.49668 0.03251 0.07735
0 0.68183 0.35305 0.04596 0.11198
0 0.67202 0.47719 0.04604 0.09240
0 0.56769 0.46897 0.03555 0.04136
0 0.57185 0.51794 0.04690 0.05657
0 0.31379 0.26485 0.06681 0.11445
0 0.28383 0.40201 0.04621 0.08804
0 0.23903 0.27149 0.059 0.06420
0 0.22969 0.41185 0.04066 0.05767
0 0.06338 0.16109 0.05900 0.20228
0 0.05418 0.33242 0.05271 0.10554
0 0.05551 0.38123 -0.06445 0.04232
0 0.05237 0.16420 -0.05663 0.27835
0 0.397 0.4667 0.06784 0.07159
