0 0.04073 0.17248 0.03419 0.16696
0 0.05191 0.29751 0.0342 0.06398
0 0.06013 0.41069 0.03894 0.07641
0 0.04544 0.39634 0.03049 0.04771
0 0.14246 0.36817 0.13047 0.07550
0 0.04419 0.16680 -0.08325 0.14584
0 0.2515 0.31613 0.02912 0.03439
0 0.38958 0.28459 0.02171 0.02868
0 0.71995 0.28127 0.02201 0.02385
0 0.72227 0.32229 0.03161 0.05454
0 0.94931 0.15579 0.03917 0.16978
0 0.95107 0.30417 0.02798 0.08695
0 0.95223 0.42167 0.02338 0.06590
0 0.86286 0.16630 0.03173 0.15256
0 0.86734 0.42024 0.02698 0.11079
0 0.81747 0.40587 0.03420 0.0937
0 0.90202 0.16346 0.01549 0.15253
0 0.80814 0.15863 0.02549 0.13927
0 0.81945 0.74116 0.03770 0.06686
0 0.82058 0.83421 0.02798 0.06776
0 0.82492 0.65211 0.03172 0.08831
0 0.81928 0.55373 0.03056 0.09405
0 0.7383 0.6456 0.02511 0.01919
0 0.73595 0.67191 0.02415 0.03725
0 0.73737 0.51382 0.02698 0.02678
0 0.60665 0.31513 0.02673 0.04021
0 0.76219 0.67764 0.01568 0.02196
0 0.39362 0.46081 0.01861 0.02002
0 0.26922 0.65090 0.04239 0.03725
0 0.25341 0.04846 0.03793 0.03523
0 0.39396 0.04576 0.02799 -0.08422
0 0.57741 0.77601 0.02922 0.04296
0 0.60976 0.48423 0.03047 0.01147
