0 0.79794 0.03449 0.09817 0.06804
0 0.79967 0.17671 0.09926 0.18845
0 0.77696 0.30256 0.06533 0.03532
0 0.78652 0.40408 0.12100 0.07077
0 0.79451 0.50465 0.10502 0.10056
0 0.78826 0.59677 0.07643 0.04644
0 0.63355 0.04862 0.12101 0.09193
0 0.66458 0.23416 0.12742 0.05679
0 0.67802 0.31098 0.09599 0.06517
0 0.62328 0.41568 0.13242 0.08463
0 0.64040 0.50930 0.13013 0.07262
0 0.63647 0.5931 0.09232 0.07819
0 0.65817 0.68807 0.12456 0.08565
0 0.46346 0.11573 0.14155 0.21732
0 0.51369 0.29328 0.10959 0.12476
0 0.45432 0.43062 0.05934 0.04375
0 0.44198 0.52187 0.11683 0.08473
0 0.43720 0.67317 0.19862 0.19553
0 0.29679 0.14552 0.14155 0.28995
0 0.17830 0.42178 0.20045 0.08379
