0 0.56631 0.13114 0.13156 0.14617
0 0.57031 0.25101 0.13956 0.09202
0 0.41436 0.12963 0.08862 0.15073
0 0.4189 0.26018 0.11819 0.05540
0 0.32814 0.14716 0.10220 0.15433
0 0.30869 0.25610 0.06330 0.04290
0 0.53321 0.43617 0.12643 0.05540
0 0.42862 0.42965 0.09875 0.07386
0 0.32976 0.43481 0.10544 0.06355
0 0.42138 0.50329 0.10697 0.07341
0 0.30226 0.50456 0.09238 0.04898
0 0.52025 0.69581 0.10697 0.05323
0 0.42169 0.69934 0.11732 0.07008
0 0.28200 0.69232 0.12317 0.05603
0 0.42052 0.78353 0.11496 0.07440
0 0.27876 0.76886 0.13939 0.07984
0 0.51377 0.85115 0.11994 0.04779
