0 0.91628 0.1627 0.04299 0.14812
0 0.87830 0.14915 0.02378 0.1577
0 0.90393 0.32288 0.04025 0.05481
0 0.89023 0.38285 0.02568 0.04394
0 0.86687 0.48313 0.03934 0.07502
0 0.82479 0.57795 0.03201 0.06256
0 0.71586 0.46198 0.03012 0.02502
0 0.71681 0.66958 0.02637 0.06700
0 0.26669 0.56255 0.02652 0.02598
0 0.26532 0.60247 0.03659 0.04431
0 0.22601 0.22616 0.04751 0.04619
0 0.13292 0.24877 0.14015 0.02403
0 0.0342 0.32819 -0.06699 0.10779
0 0.03074 0.45823 0.06037 0.10105
0 0.03947 0.32857 0.02278 0.05101
