0 0.49527 0.31818 0.04953 0.08842
0 0.55482 0.29638 0.02959 0.0797
0 0.48417 0.54108 0.04219 0.08343
0 0.55273 0.54979 0.02953 0.08845
0 0.62552 0.32625 0.03795 0.03739
0 0.69220 0.35814 0.03229 0.06375
0 0.82911 0.365 0.04642 0.03014
0 0.81592 0.5716 0.03903 0.05479
0 0.50793 0.75713 0.02431 0.09966
0 0.38581 0.24542 0.03956 0.08993
0 0.37105 0.39227 0.067 0.09215
0 0.38159 0.48766 0.03747 0.06624
0 0.31376 0.23984 0.04335 0.07820
0 0.27368 0.50434 0.03682 0.04731
0 0.04425 0.46948 0.07645 0.07969
