0 0.64063 0.156 0.10029 0.15200
0 0.63469 0.27049 0.10061 0.067
0 0.52570 0.53299 0.05013 0.07799
0 0.5768 0.52350 0.03220 0.05100
0 0.63829 0.521 0.06524 0.07000
0 0.47091 0.17099 0.06524 0.22199
0 0.32972 0.138 0.05541 0.212
0 0.2929 0.312 0.08936 0.12
0 0.39928 0.35 0.08936 0.09600
0 0.28225 0.454 0.05389 0.09799
0 0.26261 0.629 0.06483 0.08000
0 0.26099 0.73649 0.06808 0.07900
0 0.26520 0.825 0.07085 0.05599
0 0.06311 0.6445 0.06525 0.11099
0 0.03368 0.6355 -0.00921 0.139
0 0.11524 0.7645 0.17801 0.08100
