0 0.67461 0.22099 0.01956 0.03107
0 0.82458 0.36516 0.05010 0.04966
0 0.82467 0.43229 0.04210 0.05557
0 0.83128 0.56498 0.04747 0.05856
0 0.81636 0.64051 0.03367 0.03044
0 0.80299 0.68937 0.04609 0.03800
0 0.79247 0.75468 0.02819 0.05152
0 0.8516 0.68674 0.03210 0.03508
0 0.87650 0.62931 0.02885 0.05049
0 0.79717 0.27930 0.05481 0.05846
0 0.76888 0.15603 0.03624 0.13990
0 0.69537 0.06358 0.02663 -0.07189
0 0.72708 0.57639 0.04602 0.02519
0 0.72586 0.43992 0.03768 0.02174
0 0.68553 0.34016 0.02105 0.02928
0 0.6777 0.68031 0.02259 0.04096
0 0.72038 0.68617 0.02338 0.02694
0 0.70203 0.78541 0.04307 0.02283
0 0.38684 0.75735 0.04227 0.01456
0 0.27709 0.66686 0.04678 0.04098
0 0.07937 0.66042 0.03857 0.05971
0 0.02411 0.64695 0.03367 0.04683
0 0.02529 0.69781 0.03601 0.02346
0 0.05493 0.75292 0.03111 0.03981
0 0.06522 0.13712 0.03759 0.13316
0 0.04995 0.26375 0.03210 0.04625
0 0.06785 0.33225 -0.0538 0.04743
0 0.04161 0.40698 -0.03577 0.06692
0 0.35340 0.29851 0.03336 0.01506
0 0.36290 0.41422 0.03377 0.03571
0 0.16832 0.42707 0.14354 0.03694
0 0.39232 0.27457 0.02505 0.04901
0 0.49494 0.28512 0.02377 0.0363
0 0.58054 0.30415 0.04015 0.04274
0 0.32297 0.1468 0.06019 0.15252
0 0.55519 0.0343 0.04071 -0.06136
