0 0.75514 0.05139 0.03581 0.05312
0 0.65378 0.04076 0.09884 0.06641
0 0.6758 0.25033 0.04348 0.04913
0 0.55197 0.07616 0.04535 -0.00438
0 0.59306 0.24406 0.05571 0.08803
0 0.83648 0.04807 0.07749 0.08898
0 0.78733 0.23057 0.04347 0.06009
0 0.56899 0.44687 0.06049 0.10491
0 0.43477 0.48932 0.07183 0.07845
0 0.35727 0.47856 0.02268 0.05608
0 0.24641 0.48871 0.07427 0.08234
0 0.27288 0.35341 0.07318 0.09329
0 0.40687 0.39923 0.05203 0.05678
0 0.05972 0.39574 0.06614 0.07968
0 0.39219 0.11299 0.06627 0.17898
0 0.28917 0.1638 0.07173 0.1664
0 0.08043 0.10558 0.00586 0.19499
0 0.72306 0.4648 0.07372 0.04780
0 0.8317 0.46379 0.05659 0.11890
