0 0.38256 0.62750 0.08777 0.04637
0 0.37694 0.68426 0.05429 0.04837
0 0.34684 0.72344 0.05292 0.03369
0 0.31458 0.76806 0.05562 0.04082
0 0.40926 0.73631 0.05662 0.05450
0 0.48763 0.7405 0.04326 0.03551
0 0.62298 0.61468 0.05191 0.02073
0 0.68361 0.68068 0.04662 0.01061
0 0.70148 0.69344 0.09518 0.01490
0 0.67608 0.72069 0.05427 0.03020
0 0.28986 0.21579 0.08775 0.01838
0 0.84239 0.49173 0.07540 0.01736
0 0.83064 0.5193 0.05191 0.02268
0 0.66698 0.49581 0.05290 0.02307
0 0.72249 0.50643 0.03584 0.02798
0 0.77255 0.51204 0.03954 0.03675
0 0.78244 0.67450 0.05191 0.01705
0 0.62849 0.02351 0.04089 0.03961
0 0.65462 0.01547 0.01136 0.03001
0 0.70271 0.02647 0.03584 0.03368
