0 0.66582 0.07200 0.03024 0.01601
0 0.67367 0.0222 0.01937 0.03152
0 0.66941 0.25854 0.02788 0.03809
0 0.66535 0.29764 0.02930 0.01713
0 0.58078 0.29552 0.03976 0.01601
0 0.75540 0.15369 0.03066 0.13322
0 0.77953 0.25303 0.03261 0.04912
0 0.71360 0.28367 0.02646 0.04729
0 0.73345 0.35563 0.02078 0.01719
0 0.77882 0.36373 0.02173 0.02638
0 0.79886 0.31313 0.01267 0.02826
0 0.81285 0.36699 0.02929 0.04525
0 0.82395 0.44201 0.04110 0.06518
0 0.91043 0.49389 0.02788 0.02622
0 0.90189 0.60035 0.01079 0.01658
0 0.90926 0.70217 0.02551 0.00831
0 0.69045 0.60040 0.02645 0.01097
0 0.63534 0.57858 0.01851 0.04700
0 0.68873 0.48012 0.02301 0.02538
0 0.79347 0.47874 0.01229 0.02814
0 0.75963 0.56649 0.04121 0.07118
0 0.77897 0.69365 0.02205 0.03081
0 0.59475 0.50079 0.01937 0.00709
0 0.62334 0.46522 0.03024 0.04635
0 0.58572 0.44971 0.02326 0.03543
0 0.54200 0.44811 0.03015 0.04966
0 0.48156 0.42623 0.01795 0.03362
0 0.50448 0.46914 0.01087 0.03632
0 0.42267 0.45369 0.02873 0.03432
0 0.41535 0.26020 0.04337 0.04028
0 0.37925 0.28009 0.03165 0.04142
0 0.28284 0.16136 0.04489 0.17395
0 0.25306 0.28012 0.03355 0.04149
0 0.23510 0.35402 0.01464 0.03695
0 0.2984 0.34850 0.02307 0.01711
0 0.32930 0.46605 0.04155 0.01710
0 0.34474 0.58415 0.02789 0.01821
0 0.26393 0.56207 0.02882 0.02261
0 0.24522 0.58278 0.03034 0.02427
0 0.31588 0.82256 0.02701 0.03367
0 0.21478 0.82805 0.02787 0.04256
0 0.02162 0.82891 0.04219 0.04083
0 0.03062 0.69533 0.04875 0.01980
0 0.05408 0.74249 0.03256 0.06686
0 0.05221 0.81212 0.03638 0.06335
0 0.06660 0.52538 0.03125 0.06180
0 0.01246 0.48095 0.01702 0.03256
0 0.04547 0.4793 0.02915 0.03256
0 0.16431 0.42825 0.12883 0.07506
0 0.02212 0.59409 0.02701 0.02374
0 0.23482 0.68597 0.02448 0.01544
