0 0.76411 0.67568 0.05223 0.01968
0 0.70546 0.61779 0.05025 0.02451
0 0.68977 0.64676 0.03939 0.03567
0 0.59599 0.08538 0.08108 -0.01630
0 0.60903 0.22922 0.08294 0.05106
0 0.60810 0.30302 0.07735 0.06595
0 0.68977 0.08476 0.03939 -0.01753
0 0.71004 0.23402 0.05591 0.05995
0 0.67207 0.37568 0.06361 0.02522
0 0.65562 0.51846 0.04193 0.01907
0 0.26187 0.69261 0.04286 0.06954
0 0.25294 0.77199 0.06428 0.07077
0 0.13232 0.68338 0.14406 0.03508
0 0.07287 0.76268 0.04381 0.07923
0 0.57697 0.68164 0.05251 0.01809
0 0.38782 0.6763 0.0338 0.03445
