0 0.78078 0.26781 0.05344 0.04002
0 0.79666 0.31167 0.01833 0.02577
0 0.81875 0.34813 0.05749 0.04386
0 0.72708 0.28590 0.05749 0.03782
0 0.83619 0.41803 0.05427 0.05098
0 0.90786 0.41529 0.05760 0.05098
0 0.90583 0.48068 0.05000 0.05678
0 0.82166 0.48863 0.05166 0.04087
0 0.83041 0.56518 0.06916 0.05820
0 0.80333 0.64110 0.07499 0.06757
0 0.79458 0.70443 0.01749 0.04286
0 0.79408 0.76644 0.02683 0.02869
0 0.71036 0.39466 0.0474 0.01740
0 0.70536 0.49835 0.03739 0.04934
0 0.70333 0.662 0.03333 0.01590
0 0.15541 0.38267 0.14917 0.04056
0 0.15333 0.44791 0.15000 0.04056
0 0.07074 0.40295 -0.01982 0.10416
0 0.63083 0.03787 0.05499 0.01809
0 0.735 0.14181 0.03000 0.13167
0 0.52291 0.16002 0.04916 0.12093
0 0.30699 0.15476 0.03267 0.17839
0 0.25119 0.26589 0.04573 0.04386
0 0.22541 0.32042 0.04582 0.04025
0 0.32406 0.26781 0.02999 0.01697
