0 0.82099 0.13977 0.07308 0.13915
0 0.85842 0.25582 0.06467 0.05509
0 0.87704 0.30545 0.06308 0.03921
0 0.88444 0.35974 0.04829 0.04059
0 0.89078 0.42357 0.09056 0.06898
0 0.87418 0.54986 0.05180 0.04166
0 0.85392 0.64316 0.09972 0.09526
0 0.84917 0.72008 0.10353 0.05857
0 0.10410 0.07369 0.20251 0.04962
0 0.15170 0.23746 0.10730 0.07295
0 0.06933 0.32952 -0.03894 0.06153
0 0.06285 0.41254 -0.04634 0.05508
0 0.07164 0.46346 -0.04912 0.03881
0 0.09106 0.73216 -0.01026 0.05625
0 0.36863 0.74813 0.06752 0.01539
0 0.25896 0.53349 0.10185 0.02679
0 0.75716 0.53299 0.06568 0.02581
0 0.79458 0.36351 0.06300 0.01437
0 0.23913 0.34739 0.07308 0.03373
0 0.76179 0.62373 0.05642 0.04265
