0 0.89627 0.51571 0.06649 0.06058
0 0.90757 0.58236 0.05984 0.04072
0 0.65789 0.48460 0.09770 0.0952
0 0.54388 0.47545 0.09042 0.03987
0 0.54004 0.53601 0.07945 0.06137
0 0.25726 0.59235 0.09964 0.03461
0 0.29586 0.47162 0.08112 0.04753
0 0.32712 0.53401 0.12234 0.05597
0 0.49596 0.18772 0.12224 0.18434
0 0.48603 0.32169 0.10238 0.05445
0 0.58925 0.22962 0.08277 0.05914
0 0.59573 0.32783 0.10371 0.08359
0 0.67052 0.23771 0.06979 0.07058
0 0.80268 0.26495 0.10472 0.07898
0 0.30118 0.32743 0.08378 0.03531
0 0.28319 0.13512 0.08765 0.14225
