0 0.35031 0.02619 0.11462 0.04262
0 0.34195 0.13007 0.10920 0.14118
0 0.49324 0.02691 0.09759 0.04405
0 0.47363 0.13077 0.09287 0.13979
0 0.57758 0.07379 0.09387 -0.04971
0 0.69438 0.02756 0.07862 0.05502
0 0.35323 0.23826 0.10876 0.03592
0 0.31654 0.28448 0.15235 0.04798
0 0.47988 0.24922 0.11302 0.03772
0 0.48270 0.31057 0.11866 0.04644
0 0.63313 0.24975 0.13985 0.04644
0 0.63026 0.30074 0.14559 0.0479
0 0.34003 0.37546 0.11303 0.04406
0 0.34003 0.42742 0.11303 0.05416
0 0.37931 0.50071 0.16092 0.05603
0 0.49999 0.36994 0.06130 0.03979
0 0.50861 0.42408 0.10918 0.05029
0 0.61348 0.37236 0.12551 0.03496
0 0.57995 0.42336 0.11976 0.04693
0 0.75902 0.37358 0.15607 0.06616
0 0.73925 0.43962 0.07321 0.06126
0 0.32471 0.6748 0.08238 0.04405
0 0.30025 0.72868 0.15992 0.03783
0 0.45668 0.68345 0.09727 0.04603
0 0.52681 0.74999 0.14558 0.04406
0 0.29097 0.78378 0.16900 0.04938
0 0.30459 0.8472 0.10345 0.05368
0 0.45926 0.86014 0.17724 0.05171
0 0.52660 0.80579 0.16433 0.04645
0 0.72795 0.76627 0.1341 0.05842
0 0.61488 0.67842 0.14569 0.05609
0 0.40804 0.04812 0.10344 0.03112
0 0.51003 0.06727 0.08138 0.06464
