0 0.32657 0.15414 0.04353 0.13971
0 0.31781 0.26362 0.02602 0.06052
0 0.29491 0.32464 0.01477 0.04752
0 0.29116 0.37694 0.03578 0.05489
0 0.28328 0.46940 0.04555 0.06880
0 0.27477 0.53861 0.04354 0.07652
0 0.25675 0.62349 0.06456 0.04960
0 0.24173 0.66821 0.03753 0.03544
0 0.37251 0.16782 0.03504 0.14961
0 0.36936 0.28315 0.05405 0.05272
0 0.36811 0.36931 0.06507 0.06796
0 0.36035 0.43283 0.04655 0.05907
0 0.34609 0.49836 0.04654 0.04797
0 0.33841 0.56133 0.06922 0.04417
0 0.32582 0.61399 0.04503 0.02717
0 0.32732 0.66957 0.05855 0.04797
0 0.66703 0.01722 0.04128 0.03270
0 0.66891 0.06902 0.04805 0.04799
0 0.71759 0.02536 0.03328 0.05026
0 0.72709 0.12829 0.04278 0.15542
0 0.52803 0.08015 0.05054 0.01854
0 0.53365 0.05168 0.05130 -0.08856
0 0.57169 0.09110 0.02478 0.01145
0 0.5804 0.21214 0.03920 0.01752
