0 0.69045 0.34204 0.01975 0.06845
0 0.69910 0.42644 0.05688 0.05187
0 0.6978 0.46513 0.01566 0.03826
0 0.71215 0.49541 0.05374 0.01722
0 0.58141 0.47823 0.05218 0.04407
0 0.58533 0.53719 0.03810 0.05654
0 0.58454 0.59441 0.04905 0.02842
0 0.58404 0.62241 0.04692 0.04322
0 0.62338 0.62988 0.0474 0.04123
0 0.52730 0.5406 0.04957 0.07609
0 0.51273 0.61535 0.02860 0.04989
0 0.51776 0.6871 0.02614 0.03351
0 0.57045 0.68686 0.06367 0.03783
0 0.49583 0.53974 0.05007 0.03359
0 0.52970 0.82456 0.05749 0.03094
0 0.58972 0.82624 0.03748 0.05159
0 0.52892 0.87861 0.04339 0.01828
