0 0.22066 0.30163 0.02975 0.01190
0 0.22066 0.34256 0.02975 0.02943
0 0.74325 0.07217 0.03757 -0.0295
0 0.75553 0.16389 0.05057 0.18692
0 0.75722 0.31924 0.04719 0.06649
0 0.69487 0.02749 0.01115 0.04692
0 0.69368 0.07453 0.01841 0.03833
0 0.70927 0.239 0.03714 0.06679
0 0.71676 0.31348 0.02698 0.04518
0 0.67167 0.23408 0.04469 0.05339
0 0.44315 0.06194 0.02023 0.04312
0 0.44363 0.0273 0.03083 0.05339
0 0.45013 0.27464 0.01974 0.09071
0 0.46914 0.06741 0.01738 0.02669
0 0.47494 0.06293 0.04335 -0.07125
0 0.49607 0.29499 0.04803 0.09580
0 0.41207 0.02631 0.01682 -0.03498
0 0.40631 0.04886 0.00262 0.04038
0 0.41545 0.27288 0.03804 0.06529
0 0.37837 0.03384 0.02263 -0.05688
0 0.38318 0.02559 0.02939 0.03354
0 0.37307 0.28507 0.04962 0.08829
0 0.28805 0.35831 0.03853 0.05543
0 0.81213 0.39677 0.06454 0.02559
