0 0.79748 0.05478 0.07418 0.00779
0 0.80381 0.25747 0.04878 0.06584
0 0.80116 0.34231 0.07528 0.06786
0 0.72322 0.10516 0.09119 0.20479
0 0.73488 0.31386 0.08908 0.08282
0 0.72427 0.43407 0.03604 0.06796
0 0.64128 0.04530 0.07056 -0.04111
0 0.65167 0.17703 0.05837 0.22673
0 0.66754 0.38268 0.06469 0.10070
0 0.56309 0.08023 0.07847 -0.01317
0 0.57084 0.26596 0.05991 0.08282
0 0.59543 0.39115 0.07952 0.05778
0 0.48090 0.06177 0.05195 -0.02216
0 0.49734 0.18852 0.07423 0.1998
0 0.50268 0.36121 0.09549 0.11767
0 0.40508 0.15858 0.09542 0.18184
0 0.43318 0.41815 0.06680 0.1497
0 0.68375 0.51796 0.05045 0.03591
