0 0.81316 0.33589 0.04225 0.07014
0 0.82698 0.43199 0.05271 0.06207
0 0.83241 0.51512 0.04878 0.08266
0 0.60279 0.63305 0.06440 0.08199
0 0.29474 0.31216 0.02368 0.04368
0 0.24392 0.31065 0.02134 0.06014
0 0.22199 0.38289 0.03059 0.04469
0 0.21456 0.43984 0.02812 0.03292
0 0.38937 0.45856 0.02935 0.04905
0 0.35486 0.47176 0.02812 0.05107
0 0.33429 0.46504 0.01732 0.01749
0 0.29147 0.49865 0.01713 0.04972
0 0.25346 0.66363 0.04042 0.02620
0 0.05507 0.7365 -0.05959 0.05903
0 0.04347 0.63361 0.03405 0.05469
0 0.46270 0.03843 0.02472 0.02286
