0 0.06656 0.03738 0.02705 0.01323
0 0.21847 0.03261 0.03511 0.02465
0 0.07472 0.0223 0.03051 0.02703
0 0.1489 0.33482 0.15583 0.05914
0 0.13239 0.41126 0.1493 0.06152
0 0.28583 0.42167 0.04203 0.06435
0 0.27165 0.32202 0.06286 0.06394
0 0.41306 0.44528 0.03972 0.03039
0 0.46972 0.43752 0.02867 0.06198
0 0.31001 0.51553 0.03856 0.02694
0 0.31318 0.54614 0.02877 0.02081
0 0.30375 0.63457 0.03297 0.06731
0 0.31692 0.79649 0.04663 0.07761
0 0.12155 0.65588 0.16216 0.06426
0 0.07006 0.79788 0.05595 0.07483
0 0.25964 0.80501 0.06217 0.06058
0 0.40322 0.56787 0.03964 0.05399
0 0.44451 0.56788 0.04705 0.07482
0 0.37307 0.63952 0.04599 0.06500
0 0.42832 0.64407 0.04146 0.07957
0 0.43138 0.78013 0.05836 0.03932
0 0.52906 0.39061 0.04144 0.02022
0 0.58711 0.39442 0.03317 0.02313
0 0.52949 0.45125 0.05308 0.05253
0 0.60197 0.46465 0.04302 0.07083
0 0.53587 0.52412 0.06237 0.05914
0 0.52273 0.59796 0.04146 0.05915
0 0.57541 0.59367 0.03512 0.02976
0 0.58572 0.68149 0.04327 0.02366
0 0.54255 0.73733 0.02695 0.02461
0 0.55298 0.77022 0.04406 0.03264
0 0.66406 0.78318 0.02705 0.03491
0 0.66213 0.82465 0.04360 0.03644
0 0.70127 0.79767 0.04244 0.06957
0 0.82868 0.67507 0.05589 0.04974
0 0.80713 0.78818 0.04491 0.03448
0 0.88859 0.81556 0.06391 0.06294
0 0.79235 0.58986 0.01994 0.03559
0 0.69931 0.67054 0.02063 0.01989
0 0.83735 0.60597 0.01785 0.00702
0 0.44242 0.35660 0.01439 0.04211
0 0.46775 0.35180 0.02360 0.03558
0 0.03059 0.41906 -0.05049 0.03833
