0 0.24629 0.27192 0.08245 0.06299
0 0.23601 0.39314 0.05652 0.10768
0 0.21987 0.53751 0.02959 0.06689
0 0.17092 0.64028 0.18669 0.12561
0 0.34143 0.2944 0.06977 0.13876
0 0.33086 0.44534 0.07400 0.18270
0 0.44079 0.24495 0.08245 0.04821
0 0.45348 0.33604 0.05284 0.09461
0 0.56765 0.30913 0.07821 0.12234
0 0.46299 0.48694 0.18604 0.15822
0 0.68755 0.27069 0.07499 0.1405
0 0.71564 0.36703 0.08667 0.05547
0 0.66278 0.46399 0.17970 0.11929
0 0.82346 0.30913 0.09092 0.13866
0 0.85517 0.43882 0.05708 0.10765
