0 0.66743 0.30864 0.12471 0.05569
0 0.65884 0.37317 0.13726 0.05815
0 0.72004 0.44325 0.07951 0.07358
0 0.68239 0.53038 0.14540 0.05923
0 0.71477 0.60189 0.11778 0.05806
0 0.68194 0.67327 0.12339 0.05508
0 0.65435 0.73818 0.09854 0.06510
0 0.52655 0.30923 0.09698 0.04858
0 0.52655 0.37114 0.09698 0.06457
0 0.55619 0.43140 0.10698 0.05817
0 0.55888 0.5074 0.10160 0.07405
0 0.55619 0.60722 0.10698 0.07345
0 0.52309 0.69904 0.14550 0.05095
0 0.49251 0.76865 0.10503 0.04086
0 0.38914 0.32384 0.11315 0.06675
0 0.39838 0.4476 0.15012 0.08464
0 0.34360 0.60125 0.18574 0.07238
0 0.33828 0.69879 0.1225 0.07752
