0 0.29547 0.04739 0.01884 0.02506
0 0.08112 0.16053 0.02645 0.13407
0 0.21705 0.03871 0.02501 -0.06202
0 0.07938 0.09145 0.01983 0.01292
0 0.22115 0.14271 0.03365 0.13056
0 0.30828 0.13662 0.03003 0.13134
0 0.34645 0.14303 0.01984 0.11397
0 0.4385 0.15661 0.03646 0.13251
0 0.4699 0.21634 0.02633 0.03264
0 0.02198 0.22184 0.02523 0.03241
0 0.34219 0.06157 0.02835 0.04214
0 0.32882 0.04654 0.03825 -0.08298
0 0.0286 0.29425 0.03845 0.02682
0 0.04434 0.30473 -0.06995 0.03054
0 0.16093 0.30198 0.13006 0.03603
0 0.2527 0.29259 0.02343 0.02820
0 0.29446 0.29635 0.01682 0.02260
0 0.29257 0.32089 0.02465 0.03271
0 0.34134 0.30669 0.03005 0.02820
0 0.23897 0.23829 0.02243 0.01752
0 0.14782 0.23007 0.10984 0.01596
0 0.05594 0.22796 0.02343 0.01174
0 0.56099 0.29316 0.03184 0.02508
0 0.41927 0.3063 0.02243 0.03604
0 0.45311 0.29856 0.03365 0.02056
0 0.48251 0.29856 0.02513 0.01585
0 0.30703 0.38277 0.04196 0.05189
0 0.35306 0.39991 0.03305 0.04465
0 0.38170 0.39706 0.02262 0.02173
0 0.43910 0.38522 0.06168 0.03721
0 0.42157 0.41161 0.03666 0.02517
0 0.70232 0.39472 0.03686 0.02800
0 0.74458 0.40755 0.02162 0.02937
0 0.32121 0.48911 0.02344 0.02328
0 0.32732 0.59287 0.04485 0.02573
0 0.41676 0.59624 0.03665 0.02368
0 0.43428 0.67117 0.02803 0.03486
0 0.35396 0.49505 0.03125 0.02204
0 0.32301 0.52389 0.03305 0.03408
0 0.36112 0.52487 0.03014 0.03603
0 0.41586 0.52017 0.02163 0.02820
0 0.76141 0.74520 0.03484 0.03486
0 0.80708 0.7823 0.04687 0.03699
0 0.71964 0.77687 0.02824 0.03241
0 0.67517 0.85251 0.01983 0.02937
0 0.68778 0.77143 0.02222 0.04973
0 0.71594 0.81824 0.03005 0.03916
0 0.86538 0.78048 0.03003 0.05081
0 0.68629 0.90638 0.03485 0.03290
0 0.68118 0.94104 0.04507 0.03251
0 0.61698 0.71209 0.02724 0.01644
0 0.52414 0.41195 0.03823 0.01623
