0 0.61259 0.05844 0.08058 -0.04510
0 0.70247 0.06176 0.06405 -0.04256
0 0.70247 0.12803 0.09090 0.14989
0 0.71385 0.25195 0.11366 0.06375
0 0.43143 0.22046 0.05868 0.03497
0 0.60688 0.14731 0.04642 0.17325
0 0.31354 0.24196 0.04644 0.06881
0 0.77323 0.41910 0.06921 0.05380
0 0.77391 0.48577 0.07057 0.04743
0 0.35846 0.40259 0.04958 0.04457
0 0.33263 0.45039 0.05166 0.04071
0 0.32851 0.54644 0.04752 0.03900
0 0.78368 0.58444 0.04671 0.04275
0 0.84917 0.57813 0.05166 0.04962
0 0.86518 0.64649 0.06096 0.04759
0 0.78424 0.6423 0.03751 0.0686
0 0.77989 0.70907 0.04760 0.04315
0 0.86156 0.70469 0.07645 0.04128
0 0.64569 0.67975 0.04957 0.02581
0 0.78665 0.76771 0.03408 0.04463
0 0.86311 0.75888 0.06921 0.04759
0 0.56249 0.53382 0.03409 0.05388
0 0.58848 0.53348 0.02409 0.05486
0 0.62877 0.54450 0.05235 0.03283
0 0.61983 0.79115 0.04957 0.02727
0 0.66476 0.81736 0.04027 0.02466
0 0.41735 0.81186 0.04546 0.02626
0 0.40598 0.55504 0.04131 0.02407
0 0.22883 0.43548 0.05679 0.02351
