0 0.31675 0.41184 0.06455 0.05641
0 0.34338 0.55334 0.07471 0.09345
0 0.32039 0.63330 0.04885 0.06491
0 0.23996 0.61539 0.06892 0.07538
0 0.23993 0.68767 0.06609 0.03482
0 0.076 0.66301 0.02729 0.06478
0 0.14894 0.45956 0.15018 0.00988
0 0.55531 0.59921 0.03591 0.00887
0 0.51817 0.62881 0.05559 0.04852
0 0.63652 0.65453 0.05454 0.02066
0 0.4102 0.69131 0.05315 0.01336
0 0.02571 0.66756 0.04454 0.02156
0 0.16860 0.41194 0.16365 0.03683
0 0.16766 0.38139 0.13879 0.01527
0 0.50358 0.44294 0.04741 0.00897
0 0.47485 0.38803 0.05889 0.02494
0 0.48156 0.41279 0.04272 0.03853
0 0.52580 0.39082 0.05757 0.01974
