0 0.05347 0.70335 0.05882 0.05469
0 0.51966 0.55049 0.03785 0.04347
0 0.15296 0.67245 0.14017 0.09687
0 0.57634 0.37297 0.06544 0.06153
0 0.57549 0.5589 0.04361 0.03226
0 0.34642 0.65147 0.04520 0.00981
0 0.49163 0.37648 0.02355 0.0489
0 0.58973 0.64936 0.03856 0.10658
0 0.54194 0.47074 0.09732 0.09998
0 0.75335 0.35132 0.05369 0.05188
0 0.75067 0.41934 0.06039 0.04209
0 0.66526 0.57634 0.06878 0.04749
0 0.526 0.67386 0.05200 0.09967
0 0.66526 0.67682 0.05872 0.04649
0 0.65431 0.37037 0.0605 0.14003
0 0.26844 0.65427 0.06711 0.04908
