0 0.15184 0.16721 0.18952 0.18372
0 0.34815 0.20118 0.10553 0.27377
0 0.4607 0.15931 0.07588 0.19321
0 0.58942 0.15694 0.06774 0.18214
0 0.70003 0.16247 0.06132 0.15214
0 0.12073 0.31861 0.23008 0.09577
0 0.47425 0.32334 0.07046 0.07483
0 0.58036 0.32859 0.05503 0.09794
0 0.70816 0.32148 0.09584 0.0932
0 0.14647 0.46760 0.19485 0.15481
0 0.37033 0.42811 0.13194 0.09477
0 0.49592 0.42174 0.06505 0.07256
0 0.58942 0.41384 0.06774 0.03168
0 0.7046 0.42885 0.04336 0.03959
0 0.37711 0.5347 0.06045 0.05540
0 0.52574 0.53554 0.14091 0.06952
0 0.67835 0.51105 0.09584 0.05529
