0 0.52901 0.24806 0.04947 0.05496
0 0.53805 0.318 0.08850 0.05815
0 0.56945 0.38371 0.03900 0.03771
0 0.54709 0.44509 0.09515 0.07638
0 0.54604 0.53079 0.07991 0.07400
0 0.53467 0.65997 0.09525 0.12417
0 0.50522 0.77214 0.08372 0.06416
0 0.50377 0.85049 0.08662 0.04007
0 0.69362 0.21696 0.07991 0.02613
0 0.69980 0.27410 0.07516 0.05729
0 0.71407 0.34068 0.03900 0.03667
0 0.72592 0.39825 0.08383 0.05638
0 0.73452 0.47158 0.08945 0.06160
0 0.74357 0.56279 0.07135 0.06829
0 0.76926 0.64208 0.07135 0.07304
0 0.76878 0.73590 0.03235 0.05635
0 0.78877 0.78796 0.10655 0.03055
