0 0.34284 0.76852 0.07558 0.03831
0 0.34539 0.82788 0.08314 0.05526
0 0.34308 0.88423 0.04522 0.04686
0 0.44047 0.79014 0.06318 0.06417
0 0.45278 0.85489 0.05982 0.04898
0 0.41356 0.27071 0.04787 0.03643
0 0.41085 0.33197 0.04246 0.04459
0 0.42021 0.37418 0.02926 0.02676
0 0.41350 0.4155 0.05308 0.04460
0 0.42015 0.47122 0.04776 0.05804
0 0.42884 0.54712 0.07049 0.0816
0 0.42752 0.64002 0.05984 0.08408
0 0.33204 0.38347 0.05399 0.04585
0 0.34223 0.45979 0.07682 0.07915
0 0.35366 0.55365 0.05328 0.06730
0 0.3367 0.60941 0.06330 0.02287
0 0.33842 0.63630 0.03591 0.03139
