0 0.49109 0.5039 0.06528 0.1028
0 0.47570 0.62737 0.05527 0.09943
0 0.47941 0.73966 0.04786 0.06928
0 0.40059 0.51901 0.10385 0.16877
0 0.39465 0.69776 0.05637 0.10167
0 0.29821 0.49831 0.06230 0.12067
0 0.30266 0.60446 0.07121 0.03798
0 0.31305 0.71391 0.09496 0.11182
0 0.16903 0.481 0.17806 0.09049
0 0.15270 0.59776 0.20476 0.08492
0 0.15845 0.66535 0.20237 0.03017
0 0.15247 0.72904 0.20523 0.08157
0 0.06423 0.44136 -0.01098 0.07592
0 0.06275 0.50787 -0.01394 0.04593
0 0.05756 0.59893 -0.02432 0.09597
0 0.49994 0.20251 0.12177 0.27206
0 0.33674 0.25427 0.11859 0.09290
0 0.13762 0.30781 0.22325 0.11954
