0 0.52052 0.1725 0.08028 0.19484
0 0.52695 0.31766 0.07389 0.03684
0 0.52102 0.40262 0.06795 0.04586
0 0.54435 0.59875 0.07796 0.18895
0 0.55258 0.78941 0.04856 0.12922
0 0.42354 0.31197 0.03963 0.10816
0 0.40892 0.42818 0.06219 0.06841
0 0.4243 0.50364 0.03954 0.00578
0 0.41625 0.59348 0.03641 0.07417
0 0.26941 0.30638 0.06634 0.11503
0 0.27376 0.41578 0.02688 0.07818
0 0.28923 0.50826 0.04126 0.08872
0 0.28666 0.59698 0.02801 0.06316
0 0.26917 0.70526 0.07757 0.11880
0 0.27547 0.81448 0.05904 0.06706
0 0.13391 0.68896 0.14096 0.08321
0 0.15185 0.76916 0.14773 0.02256
0 0.13957 0.82443 0.12641 0.06991
0 0.36083 0.26578 0.03721 0.02631
0 0.35679 0.31089 0.03398 0.05338
