0 0.89535 0.36858 0.05018 0.07201
0 0.90766 0.48219 0.03883 0.10257
0 0.91565 0.56244 0.03029 0.03687
0 0.91757 0.65123 0.03415 0.10309
0 0.63608 0.31484 0.05357 0.06235
0 0.66097 0.38976 0.04735 0.07374
0 0.67823 0.50638 0.06103 0.07222
0 0.68715 0.63643 0.02583 0.09204
0 0.33301 0.07832 0.04797 0.02106
0 0.56054 0.56658 0.03976 0.02407
0 0.04442 0.35929 -0.07024 0.03988
0 0.32046 0.31665 0.04076 0.02833
0 0.35748 0.41368 0.02177 0.02269
0 0.35600 0.44313 0.03209 0.03019
0 0.78903 0.65801 0.02693 0.03837
0 0.31155 0.44581 0.02461 0.03837
0 0.55728 0.44577 0.01798 0.03546
0 0.53287 0.06327 0.04976 0.02708
0 0.35453 0.69337 0.03503 0.02633
0 0.80634 0.37433 0.04450 0.03536
