0 0.14949 0.71248 0.20174 0.05023
0 0.16651 0.78151 0.16238 0.05345
0 0.33577 0.81559 0.11009 0.03966
0 0.46972 0.79973 0.06239 0.07402
0 0.71375 0.70455 0.08806 0.04230
0 0.72238 0.76399 0.06328 0.05013
0 0.34811 0.65493 0.10543 0.03578
0 0.12431 0.54527 0.16806 0.07533
0 0.12797 0.63383 0.18806 0.05685
0 0.4899 0.52279 0.07339 0.04627
0 0.65238 0.32517 0.09541 0.04494
0 0.68617 0.38526 0.11365 0.04353
0 0.70453 0.44943 0.121 0.05023
0 0.0706 0.29874 0.0201 0.04757
0 0.44453 0.65168 0.08339 0.04758
0 0.70086 0.52478 0.12834 0.05816
0 0.70825 0.63246 0.12109 0.06487
0 0.36875 0.39288 0.05862 0.01907
0 0.40728 0.47135 0.06248 0.01740
0 0.40366 0.49400 0.06972 0.02305
0 0.38893 0.03002 0.11386 0.05891
0 0.41651 0.05112 0.08807 -0.04316
0 0.43852 0.22627 0.06405 0.03654
0 0.53527 0.06410 0.09075 0.05949
0 0.58715 0.02954 0.10642 0.04758
0 0.60917 0.17665 0.07706 0.15674
0 0.70641 0.03805 0.08806 -0.0349
0 0.70086 0.06407 0.10631 0.03203
0 0.70958 0.22632 0.10176 0.04700
