0 0.15157 0.13792 0.14265 0.12567
0 0.08541 0.25248 -0.01667 0.06361
0 0.07137 0.32375 -0.03858 0.04214
0 0.05936 0.40957 0.02293 0.10039
0 0.30729 0.05325 0.11458 0.05517
0 0.3125 0.23179 0.125 0.06207
0 0.29994 0.33366 0.10822 0.09875
0 0.22394 0.41603 0.2521 0.03993
0 0.26374 0.47458 0.11417 0.06843
0 0.70097 0.02738 0.09384 -0.04636
0 0.74066 0.16838 0.09999 0.17662
0 0.55354 0.07240 0.09792 0.03295
0 0.56791 0.21379 0.06917 0.02757
0 0.5979 0.31721 0.05000 0.02302
0 0.5854 0.34635 0.07499 0.02604
0 0.67083 0.36002 0.0625 0.04114
