0 0.66518 0.66877 0.04424 0.06264
0 0.67045 0.78352 0.06089 0.09294
0 0.68819 0.88277 0.03720 0.04710
0 0.54129 0.6729 0.09734 0.07375
0 0.53194 0.81534 0.12195 0.10349
0 0.79350 0.02661 0.10028 -0.0528
0 0.8107 0.05099 0.06000 0.0858
0 0.80922 0.25563 0.05705 0.04117
0 0.80235 0.35488 0.12978 0.09093
0 0.66666 0.06416 0.0826 0.03353
0 0.67103 0.25064 0.05593 0.09632
0 0.65333 0.36386 0.09133 0.07967
0 0.64691 0.50663 0.10797 0.15272
0 0.51179 0.14981 0.16225 0.25548
0 0.53982 0.35851 0.08849 0.10103
0 0.52894 0.48422 0.10214 0.09195
0 0.54572 0.60291 0.0826 0.05576
0 0.34308 0.07150 0.069 -0.03226
0 0.41445 0.2848 0.10914 0.03839
0 0.4292 0.36553 0.07373 0.05046
0 0.42772 0.47542 0.10028 0.09031
