0 0.37229 0.06877 0.0751 0.03158
0 0.36099 0.17561 0.07517 0.16386
0 0.35739 0.28817 0.04529 0.03521
0 0.35669 0.36981 0.10644 0.07157
0 0.18829 0.13019 0.19645 0.18111
0 0.18333 0.27889 0.17518 0.05975
0 0.17973 0.35183 0.19067 0.09211
0 0.07973 0.12458 -0.03342 0.15163
0 0.07836 0.23133 -0.02483 0.06223
0 0.03049 0.31016 0.05106 0.04772
0 0.27467 0.45648 0.04922 0.01193
0 0.38293 0.61262 0.05382 0.05193
0 0.41772 0.67964 0.06384 0.05825
0 0.41630 0.73815 0.05531 0.06052
0 0.49361 0.61087 0.09362 0.08490
0 0.51225 0.72456 0.07701 0.08772
0 0.59382 0.60942 0.06625 0.06676
0 0.60921 0.68034 0.07235 0.03017
