0 0.25523 0.0177 0.05629 0.0295
0 0.07413 0.23391 0.04103 0.05371
0 0.04909 0.31449 0.09111 0.06778
0 0.08263 0.40928 -0.00840 0.08161
0 0.04098 0.50345 0.07107 0.08286
0 0.04766 0.57974 0.07679 0.05967
0 0.12343 0.66555 0.15488 0.07010
0 0.14656 0.75797 0.18206 0.10218
0 0.32919 0.04471 0.06297 0.0847
0 0.30295 0.1854 0.07920 0.18411
0 0.2967 0.31575 0.09934 0.04142
0 0.29102 0.40928 0.08396 0.10296
0 0.26737 0.51878 0.12536 0.09739
0 0.3144 0.76774 0.08873 0.11798
0 0.73279 0.03963 0.08401 0.06722
0 0.76664 0.17503 0.08121 0.15963
0 0.80197 0.74764 0.04299 0.04268
0 0.78024 0.81825 0.03951 0.05210
0 0.73473 0.54845 0.06869 0.05686
0 0.6665 0.53859 0.05820 0.06279
0 0.89099 0.5585 0.03198 0.05560
0 0.88978 0.63119 0.02576 0.07093
0 0.8306 0.54488 0.06015 0.04267
0 0.83441 0.61078 0.06779 0.06026
0 0.69985 0.72252 0.05237 0.02634
0 0.65600 0.81668 0.04674 0.04393
0 0.68387 0.23510 0.04163 0.06084
