0 0.32230 0.10522 0.03642 0.20038
0 0.30703 0.24182 0.04199 0.08167
0 0.25322 0.3221 0.08831 0.05093
0 0.25265 0.40468 0.09627 0.08956
0 0.40686 0.06009 0.06232 -0.03260
0 0.37797 0.17258 0.06128 0.20371
0 0.47672 0.11467 0.06129 0.18120
0 0.47582 0.26781 0.05015 0.01161
0 0.52782 0.41659 0.04564 0.01478
0 0.49999 0.43951 0.05334 0.03798
0 0.23848 0.58668 0.07692 0.08217
0 0.25879 0.70943 0.05220 0.08280
0 0.05493 0.59449 0.03973 0.09614
0 0.06571 0.72185 0.05674 0.11421
0 0.40521 0.55957 0.06357 0.01150
