0 0.79868 0.13679 0.09598 0.22641
0 0.89411 0.33131 0.12222 0.15143
0 0.69945 0.12204 0.12075 0.23061
0 0.7435 0.32092 0.11116 0.12219
0 0.85549 0.47694 0.10448 0.14804
0 0.6004 0.13469 0.1099 0.25589
0 0.64289 0.34269 0.08462 0.10393
0 0.69809 0.44446 0.08278 0.09119
0 0.52662 0.14241 0.06819 0.22922
0 0.55715 0.37990 0.09770 0.16994
0 0.26229 0.17274 0.07682 0.14608
0 0.16026 0.32443 0.1596 0.12079
0 0.08499 0.5007 -0.02266 0.15028
0 0.35456 0.10514 0.10226 0.1942
0 0.32445 0.26817 0.06748 0.08129
0 0.25368 0.42512 0.10322 0.15020
0 0.41944 0.17471 0.06278 0.24325
0 0.34981 0.38763 0.09548 0.15731
0 0.32631 0.51283 0.07463 0.09591
0 0.44707 0.41572 0.08277 0.12641
0 0.13427 0.59887 0.14290 0.01236
