0 0.5959 0.06231 0.07328 -0.02667
0 0.59482 0.15707 0.05171 0.16596
0 0.62176 0.29442 0.04740 0.02932
0 0.61254 0.38184 0.08505 0.07630
0 0.61314 0.47182 0.07328 0.06975
0 0.60721 0.58938 0.08082 0.07869
0 0.61578 0.70439 0.11756 0.10792
0 0.72844 0.24539 0.06896 0.07320
0 0.72794 0.33489 0.05488 0.08914
0 0.72736 0.42847 0.05603 0.05682
0 0.72089 0.50917 0.09699 0.07724
0 0.73647 0.60351 0.08091 0.07977
0 0.74141 0.69822 0.08182 0.08506
0 0.75641 0.78326 0.04732 0.04513
0 0.47575 0.07178 0.06357 -0.03742
0 0.47186 0.16327 0.06212 0.17464
0 0.46703 0.28678 0.04201 0.02696
0 0.44974 0.36626 0.11500 0.07447
0 0.44826 0.45625 0.09053 0.06557
0 0.46389 0.54714 0.05927 0.09376
0 0.45796 0.64660 0.07113 0.08155
0 0.47359 0.73292 0.04848 0.08487
0 0.4709 0.8082 0.07328 0.05159
0 0.32487 0.28796 0.04831 0.03515
0 0.33135 0.37417 0.08296 0.07154
0 0.31406 0.50146 0.09795 0.08679
0 0.31088 0.59705 0.10021 0.05630
0 0.32058 0.66886 0.11530 0.04035
0 0.31303 0.75843 0.09591 0.06469
0 0.1542 0.36663 0.18728 0.13241
0 0.10555 0.52178 0.19775 0.09812
0 0.04262 0.64364 0.08327 0.09079
0 0.13211 0.7769 0.1431 0.04766
