0 0.04023 0.03637 0.06106 0.06539
0 0.03337 0.16201 0.06116 0.16358
0 0.07571 0.29401 -0.03003 0.07332
0 0.06823 0.37776 -0.04500 0.05397
0 0.05569 0.46493 -0.02973 0.04910
0 0.05279 0.53736 -0.04795 0.06398
0 0.05279 0.60525 -0.04795 0.04949
0 0.06027 0.67164 -0.05511 0.06259
0 0.15395 0.06090 0.1501 0.04810
0 0.15688 0.17699 0.15597 0.16538
0 0.14278 0.31176 0.11993 0.06958
0 0.14745 0.40120 0.16701 0.06912
0 0.49267 0.25962 0.03284 0.05873
0 0.50254 0.34002 0.04109 0.07193
0 0.51366 0.40281 0.03317 0.07513
0 0.52569 0.76739 0.05725 0.06538
0 0.58570 0.23049 0.04735 0.05091
0 0.61287 0.29658 0.06504 0.06258
0 0.62132 0.3519 0.05593 0.03776
0 0.63077 0.40868 0.06701 0.04670
0 0.62814 0.46795 0.04422 0.06175
0 0.64215 0.52469 0.07416 0.03866
0 0.65316 0.56187 0.04824 0.02802
0 0.66427 0.62633 0.04815 0.08406
0 0.64474 0.83321 0.09110 0.05504
0 0.77340 0.26972 0.05431 0.05464
0 0.79082 0.34279 0.06311 0.04489
0 0.80090 0.39793 0.04685 0.05697
0 0.72283 0.50536 0.05074 0.06632
0 0.74067 0.58285 0.06320 0.04491
0 0.73735 0.64848 0.06203 0.05562
