0 0.07005 0.35883 0.02029 0.01827
0 0.05399 0.36691 0.02285 0.02177
0 0.08276 0.5948 0.02388 0.02950
0 0.08561 0.72462 0.02025 0.03809
0 0.29802 0.5948 0.02283 0.01686
0 0.41691 0.58833 0.02179 0.01573
0 0.01967 0.62851 0.03375 0.05055
0 0.01467 0.68538 0.02921 0.03792
0 0.05892 0.04404 0.02336 -0.07200
0 0.29542 0.07297 0.02076 0.01815
0 0.29354 0.16418 0.01388 0.1295
0 0.31618 0.15000 0.02077 0.10816
0 0.43633 0.13987 0.02657 0.12582
0 0.47846 0.14522 0.03579 0.15056
0 0.46832 0.32618 0.03010 0.03440
0 0.29933 0.47576 0.01813 0.01614
0 0.08063 0.46347 0.02273 0.02105
0 0.74532 0.82288 0.02648 0.03481
0 0.88784 0.61712 0.03115 0.05366
0 0.88473 0.67660 0.03011 0.04564
0 0.88343 0.71971 0.01817 0.03808
0 0.87045 0.7794 0.03478 0.04899
0 0.86555 0.84374 0.03010 0.04705
0 0.81692 0.59500 0.03281 0.02909
