0 0.67089 0.69512 0.06235 0.05438
0 0.64779 0.77887 0.07621 0.06155
0 0.58082 0.49043 0.10392 0.06101
0 0.58885 0.58969 0.07842 0.10877
0 0.48151 0.62642 0.08545 0.10019
0 0.709 0.23683 0.08313 0.06046
0 0.69504 0.30772 0.07391 0.05438
0 0.69740 0.37307 0.05532 0.03436
0 0.69233 0.41745 0.08413 0.04103
0 0.58082 0.24183 0.09006 0.07166
0 0.57384 0.33110 0.07168 0.07443
0 0.5866 0.41507 0.07390 0.05915
0 0.48410 0.2476 0.04642 0.07920
0 0.47536 0.34757 0.06391 0.08538
0 0.44649 0.4642 0.07698 0.03339
0 0.45342 0.52242 0.10006 0.06583
0 0.35477 0.24499 0.10800 0.07678
0 0.43252 0.05601 0.10492 0.04293
