0 0.54036 0.36838 0.02027 0.03662
0 0.56690 0.37355 0.02109 0.03183
0 0.59934 0.37493 0.02109 0.02906
0 0.69464 0.03025 0.06245 -0.04086
0 0.69869 0.04173 0.06245 0.06813
0 0.68918 0.23041 0.03369 0.05935
0 0.77727 0.02848 0.05454 -0.0444
0 0.77362 0.04812 0.04723 0.05536
0 0.77673 0.16781 0.04659 0.14984
0 0.83887 0.23864 0.07083 0.07183
0 0.82025 0.30894 0.04117 0.04199
0 0.90632 0.23329 0.04136 0.05855
0 0.87702 0.31143 0.03000 0.05526
0 0.85766 0.36963 0.04136 0.05259
0 0.71167 0.28633 0.02839 0.01339
0 0.68855 0.39662 0.0373 0.01430
0 0.69544 0.37216 0.02351 0.02906
0 0.71410 0.37332 0.01865 0.02123
0 0.73600 0.37863 0.02515 0.02354
0 0.30372 0.62320 0.04136 0.04106
0 0.28047 0.67069 0.04514 0.03265
0 0.24492 0.60211 0.03893 0.03582
0 0.22450 0.6622 0.04713 0.05259
0 0.14445 0.59605 0.12721 0.02553
0 0.08085 0.65297 0.02756 0.03138
