0 0.42916 0.15942 0.08888 0.14116
0 0.43125 0.27017 0.05749 0.06553
0 0.42916 0.33937 0.04721 0.06206
0 0.405 0.42625 0.09000 0.08093
0 0.39999 0.53052 0.11388 0.11499
0 0.39647 0.65911 0.07906 0.07744
0 0.56929 0.14334 0.07750 0.19172
0 0.58749 0.30749 0.06945 0.10601
0 0.58041 0.41451 0.04417 0.06104
0 0.56652 0.53687 0.12805 0.1259
0 0.57499 0.65456 0.10278 0.10252
0 0.27986 0.16897 0.05971 0.14046
0 0.26199 0.30614 0.07677 0.09970
0 0.26666 0.41861 0.04444 0.04226
0 0.19394 0.48425 0.19343 0.05125
0 0.19578 0.57368 0.21656 0.09342
0 0.81665 0.25663 0.07778 0.10522
0 0.83111 0.37044 0.05722 0.06485
0 0.84652 0.48106 0.08194 0.10602
0 0.85749 0.60701 0.09833 0.11510
0 0.87277 0.70862 0.06778 0.05575
0 0.69999 0.15817 0.09445 0.20881
0 0.69443 0.33407 0.10833 0.09262
0 0.69374 0.44648 0.09860 0.08183
0 0.70138 0.56828 0.09167 0.13141
0 0.69880 0.69334 0.10316 0.05396
