0 0.35731 0.07260 0.02533 0.05171
0 0.35529 0.33013 0.03040 0.07627
0 0.44191 0.30278 0.03031 0.04432
0 0.52135 0.06323 0.03790 0.03843
0 0.51747 0.08556 0.02636 -0.02033
0 0.51444 0.33507 0.02028 0.08315
0 0.46527 0.43509 0.03142 0.05021
0 0.52211 0.46455 0.03637 0.07236
0 0.62822 0.14356 0.04105 0.18664
0 0.62044 0.34504 0.04042 0.07998
0 0.22890 0.36880 0.05104 0.06397
0 0.51362 0.69895 0.02675 0.04222
0 0.54764 0.69951 0.03395 0.04612
0 0.51311 0.75676 0.02777 0.04461
0 0.46071 0.75611 0.03649 0.04331
0 0.44981 0.82109 0.02889 0.04331
