0 0.14581 0.94014 0.14983 0.04012
0 0.07839 0.92348 -0.03778 0.04627
0 0.23531 0.84633 0.06223 0.04461
0 0.06607 0.8384 0.04295 0.03627
0 0.16997 0.88511 0.16485 0.03044
0 0.05205 0.88343 0.04295 0.03210
0 0.57794 0.04878 0.06211 0.04421
0 0.59328 0.06342 0.05948 -0.03410
0 0.58395 0.06487 0.04082 0.02970
0 0.60473 0.1462 0.05959 0.11959
0 0.48724 0.05942 0.07352 0.05212
0 0.51138 0.04678 0.07099 0.08757
0 0.40665 0.01875 0.06485 -0.0365
0 0.44741 0.12717 0.08502 0.19435
0 0.3115 0.07505 0.07787 0.04836
0 0.33561 0.05220 0.09282 0.05504
0 0.47146 0.24386 0.04721 0.02767
0 0.67352 0.05545 0.06224 0.05505
0 0.66826 0.15428 0.06746 0.1101
0 0.80806 0.02151 0.06485 -0.04203
0 0.65380 0.22505 0.05083 0.00994
