0 0.33562 0.03826 0.02655 0.02756
0 0.32570 0.14248 0.04347 0.15948
0 0.32028 0.24711 0.04053 0.02673
0 0.31023 0.30566 0.04369 0.06455
0 0.30609 0.38127 0.04330 0.05534
0 0.30044 0.45235 0.04380 0.09022
0 0.27091 0.55165 0.04675 0.08874
0 0.24351 0.66339 0.08185 0.08675
0 0.30412 0.07931 0.03935 -0.04053
0 0.29469 0.16092 0.02937 0.16685
0 0.27583 0.2727 0.02213 0.03273
0 0.27017 0.33048 0.03937 0.06084
0 0.25614 0.39857 0.04182 0.07146
0 0.23072 0.47625 0.05626 0.06086
0 0.22538 0.53326 0.05021 0.05471
0 0.16185 0.59289 0.13199 0.05901
0 0.13643 0.67127 0.1402 0.07653
0 0.05545 0.78741 0.04321 0.06630
0 0.0315 0.84600 0.047 0.04611
0 0.23072 0.26094 0.05330 0.07469
0 0.16180 0.35453 0.15453 0.06453
0 0.15127 0.42484 0.16201 0.06039
0 0.0744 0.50276 0.0508 0.06593
0 0.0592 0.58575 0.04774 0.0816
0 0.0309 0.67588 0.04232 0.06178
0 0.06490 0.73399 -0.05914 0.05601
0 0.03390 0.82866 -0.05325 0.05126
0 0.3932 0.05882 0.03248 0.06039
0 0.38471 0.17078 0.03537 0.15543
0 0.37420 0.27427 0.04763 0.03310
0 0.36120 0.32687 0.03837 0.05900
0 0.35431 0.40386 0.03936 0.06822
0 0.32918 0.52488 0.05029 0.06317
0 0.32425 0.62674 0.03850 0.07338
0 0.30610 0.70835 0.04626 0.05493
0 0.29840 0.77899 0.05077 0.04947
0 0.4557 0.03696 0.03639 0.07278
0 0.44881 0.16069 0.03347 0.16454
0 0.43104 0.32295 0.05207 0.05116
0 0.42469 0.37807 0.05609 0.05554
0 0.40644 0.47694 0.03928 0.11202
0 0.39591 0.5725 0.02411 0.07099
0 0.37420 0.72823 0.04172 0.04171
0 0.51205 0.034 0.03689 0.05196
0 0.5036 0.13605 0.00528 0.14404
0 0.50752 0.24711 0.03100 0.03965
0 0.48736 0.29736 0.03477 0.05532
0 0.48671 0.35955 0.04232 0.04897
0 0.48026 0.41838 0.04636 0.04197
0 0.48079 0.46399 0.04037 0.03358
0 0.46843 0.51382 0.03928 0.05947
0 0.46899 0.59474 0.04921 0.08944
0 0.45004 0.67538 0.04479 0.05064
0 0.58771 0.15377 0.03073 0.15255
0 0.58776 0.27957 0.03379 0.05863
0 0.58513 0.33501 0.02559 0.05103
0 0.58651 0.38710 0.02836 0.03748
0 0.59071 0.46657 0.02788 0.06178
0 0.58513 0.54035 0.02854 0.07465
0 0.57898 0.61271 0.03789 0.05164
0 0.51205 0.62282 0.03099 0.08399
0 0.51697 0.70835 0.03494 0.05493
0 0.56889 0.70423 0.02361 0.06039
0 0.65132 0.05034 0.03100 -0.09017
0 0.65132 0.05744 0.03395 0.06316
0 0.65894 0.27773 0.04330 0.05494
0 0.66534 0.33542 0.03937 0.05484
0 0.71161 0.03184 0.04232 0.04609
0 0.72489 0.13471 0.04921 0.14394
0 0.74187 0.25444 0.02410 0.04324
0 0.76156 0.34453 0.05462 0.11093
0 0.78321 0.45596 0.04773 0.06731
0 0.80314 0.64203 0.05905 0.08245
0 0.81248 0.72723 0.06301 0.06232
0 0.77362 0.06271 0.04232 -0.04697
0 0.78759 0.12744 0.02500 0.15522
0 0.82006 0.28860 0.03995 0.06730
0 0.82914 0.37546 0.05230 0.05681
0 0.85924 0.45737 0.04230 0.09862
0 0.86146 0.55404 0.04380 0.09352
0 0.8841 0.66830 0.04083 0.07537
