0 0.05713 0.04949 -0.06428 -0.04185
0 0.06464 0.18089 -0.04083 0.24771
0 0.05227 0.36592 0.09104 0.13005
0 0.13818 0.06849 0.20163 0.03681
0 0.17526 0.26542 0.18242 0.12133
0 0.39216 0.06363 0.07280 -0.03681
0 0.64540 0.05475 0.07730 -0.02857
0 0.28978 0.50594 0.07151 0.06667
0 0.29807 0.63154 0.07143 0.12976
0 0.35233 0.73368 0.03708 0.05166
0 0.42581 0.81249 0.07416 0.12022
0 0.49518 0.65785 0.05906 0.09999
0 0.59683 0.64578 0.11673 0.17747
0 0.76441 0.39875 0.06181 0.08342
0 0.73895 0.51839 0.07977 0.11538
0 0.71084 0.66130 0.07555 0.13453
