0 0.53962 0.26739 0.02605 0.01064
0 0.68935 0.27294 0.03190 0.01375
0 0.87712 0.14388 0.02766 0.12769
0 0.91545 0.23858 0.02984 0.02837
0 0.92611 0.27227 0.03286 0.02040
0 0.9317 0.30992 0.04403 0.04178
0 0.94812 0.35231 0.03032 0.03504
0 0.96116 0.39046 0.03084 0.03326
0 0.86505 0.22958 0.02607 0.04636
0 0.88327 0.27090 0.02493 0.0338
0 0.89393 0.32123 0.02191 0.02961
0 0.91116 0.35764 0.03085 0.03769
0 0.91037 0.39190 0.02605 0.01773
0 0.83116 0.26424 0.04512 0.03648
0 0.79869 0.27759 0.04420 0.04965
0 0.60159 0.41179 0.04361 0.02340
0 0.26701 0.28324 0.02552 0.03967
0 0.26332 0.32626 0.01494 0.04103
0 0.25584 0.37022 0.03510 0.04446
0 0.31223 0.25492 0.02871 0.03093
0 0.29786 0.30730 0.01915 0.05497
0 0.28781 0.35892 0.02562 0.04025
0 0.25026 0.89644 0.02712 0.02439
0 0.24627 0.93297 0.01595 0.02404
0 0.21542 0.89011 0.01915 0.03034
0 0.21462 0.92426 0.02075 0.03261
0 0.07526 0.88464 0.02287 0.03269
0 0.07606 0.92548 0.02127 0.05035
0 0.04707 0.88647 0.01435 0.03902
0 0.04388 0.92199 0.03032 0.04337
0 0.05850 0.88247 -0.05957 0.04435
0 0.6659 0.35953 0.02776 0.03104
0 0.63377 0.35027 0.02714 0.03644
0 0.59255 0.3598 0.01595 0.04200
0 0.55478 0.35365 0.04361 0.04035
0 0.25664 0.61014 0.01754 0.03182
0 0.25375 0.64672 0.02653 0.03159
0 0.25854 0.68935 0.01695 0.03770
0 0.21887 0.62931 0.02925 0.05044
0 0.22105 0.67682 0.03766 0.03347
0 0.07207 0.65271 0.0516 0.03625
0 0.68781 0.49263 0.03522 0.01517
0 0.69100 0.40492 0.02244 0.00384
0 0.29525 0.39955 0.01394 0.00907
0 0.47977 0.37821 0.02234 0.04158
0 0.47659 0.46762 0.02554 0.02971
0 0.65233 0.24655 0.03252 0.04701
0 0.43353 0.26103 0.02546 0.03803
0 0.35585 0.48735 0.0383 0.04169
0 0.30243 0.49600 0.01233 0.01906
0 0.36223 0.56579 0.02554 0.03449
0 0.47635 0.26291 0.05259 0.04425
0 0.4168 0.46995 0.03234 0.02018
