0 0.73631 0.05623 0.05473 0.0237
0 0.76785 0.14313 0.05440 0.12847
0 0.78220 0.25906 0.04305 0.03798
0 0.80807 0.3149 0.07543 0.05564
0 0.81224 0.38178 0.05708 0.05434
0 0.81370 0.46112 0.08667 0.07258
0 0.77937 0.52201 0.03137 0.05155
0 0.76601 0.59678 0.05808 0.07655
0 0.90570 0.34704 0.07042 0.08656
0 0.89719 0.42968 0.05740 0.05931
0 0.87784 0.49622 0.05876 0.06346
0 0.25817 0.20761 0.04374 0.00427
0 0.22679 0.34231 0.04772 0.01984
0 0.68357 0.51685 0.04005 0.01983
0 0.25633 0.57873 0.03605 0.02777
0 0.38480 0.65742 0.03950 0.02668
0 0.14625 0.07096 0.16675 0.04998
0 0.06616 0.23636 0.05617 0.05940
0 0.03751 0.30245 0.03337 0.05673
0 0.06142 0.37524 -0.04668 0.05712
0 0.05763 0.45488 -0.05427 0.09042
0 0.05942 0.53684 -0.04268 0.06712
0 0.02553 0.34291 0.04974 0.07417
0 0.62449 0.21573 0.03805 0.02982
0 0.28637 0.39454 0.03338 0.01102
0 0.68992 0.36056 0.03005 0.01982
0 0.25917 0.42279 0.04174 0.03342
0 0.24582 0.49856 0.04972 0.01261
0 0.67355 0.5946 0.04671 0.02776
