0 0.41023 0.64074 0.03872 0.02661
0 0.46298 0.64462 0.03482 0.03149
0 0.52974 0.65775 0.07547 0.03898
0 0.59941 0.63121 0.04935 0.01766
0 0.4521 0.49674 0.05369 0.01588
0 0.27285 0.51479 0.03482 0.05486
0 0.30210 0.61154 0.08372 0.03754
0 0.84986 0.64209 0.09127 0.01778
0 0.0669 0.15535 0.06386 0.1427
0 0.06903 0.25518 0.04199 0.04972
0 0.07198 0.29819 0.03338 0.02022
0 0.06400 0.32857 0.03193 0.04465
0 0.24165 0.14282 0.03338 0.12899
0 0.23729 0.25148 0.05660 0.04144
0 0.24841 0.31298 0.09534 0.04403
0 0.30328 0.15360 0.06956 0.15055
