0 0.89437 0.48103 0.06133 0.04203
0 0.88453 0.53636 0.04166 0.05818
0 0.82132 0.46396 0.06215 0.02132
0 0.82157 0.50809 0.05297 0.05075
0 0.80932 0.5758 0.08191 0.06079
0 0.78560 0.63572 0.04720 0.05904
0 0.78454 0.68966 0.04932 0.03776
0 0.57979 0.45607 0.05508 0.01321
0 0.22407 0.45926 0.04760 0.01194
0 0.56849 0.53538 0.05084 0.02002
0 0.52682 0.59083 0.04237 0.01322
0 0.52077 0.60241 0.04037 0.01269
0 0.72266 0.52697 0.04337 0.03685
0 0.56512 0.61129 0.03016 0.01749
0 0.24182 0.60946 0.03752 0.03715
0 0.39638 0.69475 0.05184 0.02861
0 0.26865 0.70937 0.03329 0.02942
0 0.40319 0.784 0.03822 0.03200
0 0.05472 0.47675 0.03744 0.0469
0 0.06108 0.53207 0.03319 0.05603
0 0.07393 0.46417 -0.02019 0.02942
0 0.05981 0.51343 -0.05410 0.05032
0 0.03070 0.56886 0.06003 0.05202
0 0.06171 0.61807 0.03530 0.04401
0 0.05500 0.66731 0.04872 0.03847
0 0.29837 0.7953 0.04874 0.05459
0 0.55538 0.05969 0.03732 0.00939
0 0.37626 0.25884 0.02795 0.01364
0 0.56885 0.2614 0.04166 0.02132
0 0.57551 0.34472 0.05093 0.02526
0 0.38241 0.59563 0.04872 0.01771
0 0.72457 0.61471 0.03530 0.02942
0 0.52960 0.69713 0.04954 0.01259
0 0.54342 0.78208 0.04025 0.03071
0 0.37671 0.52229 0.03329 0.03259
0 0.22416 0.53666 0.04743 0.02772
