0 0.49048 0.50202 0.02309 0.06812
0 0.49251 0.57744 0.01902 0.05028
0 0.52343 0.54122 0.04008 0.06270
0 0.53803 0.63381 0.02988 0.08190
0 0.56963 0.62083 0.02514 0.06245
0 0.95855 0.05063 0.01902 0.03476
0 0.9504 0.04718 0.01360 -0.08567
0 0.94259 0.05855 0.03192 0.04785
0 0.92264 0.17495 0.03512 0.16912
0 0.91959 0.06194 0.03445 0.05739
0 0.9042 0.13612 0.03259 0.18514
0 0.83501 0.11692 0.06910 0.16625
0 0.52032 0.27691 0.02454 0.02017
0 0.49716 0.03282 0.01420 0.05046
0 0.49218 0.31345 0.01562 0.03325
0 0.49465 0.37793 0.01921 0.05514
0 0.5321 0.03813 0.02273 0.06378
0 0.56419 0.03936 0.02241 0.07002
0 0.49523 0.25628 0.02446 0.05189
0 0.52217 0.33684 0.03581 0.06759
0 0.56588 0.34265 0.04483 0.07055
0 0.59315 0.06403 0.01378 0.01197
0 0.41813 0.17202 0.02513 0.17604
0 0.38722 0.23627 0.02173 0.05784
0 0.3913 0.29305 0.03260 0.02650
