0 0.62054 0.36762 0.05909 0.04647
0 0.62386 0.43631 0.05042 0.06783
0 0.62673 0.50339 0.03537 0.04220
0 0.63059 0.58929 0.06004 0.10851
0 0.63655 0.69279 0.06530 0.07586
0 0.65824 0.77052 0.03908 0.07008
0 0.51143 0.27558 0.06197 0.04977
0 0.50762 0.35794 0.05814 0.06330
0 0.52049 0.42755 0.03049 0.05370
0 0.52907 0.49923 0.06674 0.08666
0 0.53214 0.60473 0.06248 0.08213
0 0.55004 0.68876 0.05529 0.08287
0 0.56813 0.77128 0.04571 0.04746
0 0.42466 0.31637 0.06773 0.07258
0 0.42111 0.44008 0.03477 0.07536
0 0.45137 0.52179 0.03336 0.04759
0 0.44041 0.64128 0.08006 0.11302
