0 0.39743 0.04282 0.05982 0.04432
0 0.38217 0.04463 0.04298 -0.07246
0 0.39944 0.12292 0.11712 0.2047
0 0.36372 0.27797 0.07446 0.05776
0 0.34786 0.34878 0.09401 0.08221
0 0.33625 0.44512 0.1084 0.07580
0 0.33062 0.54620 0.11966 0.11768
0 0.57038 0.06226 0.06062 -0.02853
0 0.55811 0.14102 0.05983 0.1326
0 0.54101 0.28880 0.09403 0.08952
0 0.54712 0.39746 0.10624 0.09893
0 0.51367 0.49529 0.07350 0.06640
0 0.50255 0.60680 0.12649 0.11344
0 0.45897 0.71334 0.10085 0.07510
0 0.13456 0.26195 0.19904 0.07626
0 0.09786 0.34517 0.00085 0.07064
0 0.08674 0.42635 -0.01452 0.06569
