0 0.90604 0.11713 0.08804 0.23232
0 0.86985 0.33299 0.07369 0.17418
0 0.8613 0.44450 0.05659 0.07693
0 0.75426 0.02061 0.08934 -0.03947
0 0.73809 0.15012 0.06913 0.26015
0 0.7289 0.34934 0.05336 0.09071
0 0.71024 0.52642 0.09592 0.15269
0 0.64186 0.04956 0.07762 0.05899
0 0.63676 0.27175 0.10665 0.14250
0 0.62745 0.4205 0.08277 0.10708
0 0.62088 0.55611 0.07228 0.14124
0 0.60917 0.69288 0.06218 0.08962
0 0.50656 0.43694 0.10381 0.17781
0 0.51905 0.60146 0.12090 0.09322
0 0.41256 0.22616 0.10502 0.25384
0 0.39699 0.48360 0.06601 0.21059
0 0.267 0.22931 0.12300 0.31311
