0 0.77302 0.58222 0.05586 0.04252
0 0.70686 0.58767 0.03725 0.03670
0 0.63136 0.58649 0.06667 0.04418
0 0.44901 0.59274 0.04705 0.09592
0 0.33818 0.54416 0.09617 0.11657
0 0.51666 0.57668 0.05685 0.01227
0 0.47058 0.04856 0.05098 0.08366
0 0.45392 0.27229 0.05686 0.12532
0 0.35872 0.26748 0.09783 0.05890
0 0.28911 0.32894 0.04097 0.01695
0 0.77352 0.06723 0.07255 -0.00565
0 0.75764 0.27106 0.10392 0.13761
0 0.70686 0.07515 0.05293 -0.0092
0 0.66518 0.05889 0.07156 0.07239
0 0.66568 0.26197 0.07647 0.07734
0 0.58921 0.08067 0.06862 0.00429
