0 0.57033 0.12884 0.05933 0.15717
0 0.56249 0.33244 0.05093 0.07249
0 0.56134 0.44327 0.05324 0.09243
0 0.54984 0.56645 0.08118 0.13179
0 0.6731 0.16265 0.06579 0.18729
0 0.66029 0.37133 0.07291 0.09773
0 0.66087 0.5037 0.07638 0.10603
0 0.56944 0.72163 0.01158 0.05041
0 0.46816 0.18896 0.05671 0.18087
0 0.45538 0.34426 0.06123 0.08667
0 0.45196 0.45345 0.04514 0.09919
0 0.41674 0.57587 0.09243 0.13395
0 0.34548 0.34506 0.03588 0.07458
0 0.34258 0.46317 0.07639 0.12824
0 0.31823 0.59141 0.06028 0.07777
0 0.31141 0.68249 0.01866 0.05198
