0 0.47165 0.04546 0.03728 0.00913
0 0.4548 0.18011 0.06240 0.20567
0 0.4804 0.36192 0.03920 0.05795
0 0.47916 0.46533 0.08680 0.11476
0 0.46456 0.58812 0.07496 0.08535
0 0.44985 0.71653 0.11847 0.12853
0 0.46369 0.83921 0.07671 0.07836
0 0.35300 0.37624 0.09406 0.05930
0 0.36110 0.49033 0.06945 0.09886
0 0.35936 0.58126 0.05902 0.03752
0 0.34027 0.67897 0.06945 0.10341
0 0.30381 0.78181 0.09026 0.09318
0 0.31075 0.87972 0.07638 0.04127
0 0.61887 0.14317 0.08843 0.19091
0 0.62586 0.33863 0.04686 0.10454
0 0.63101 0.46137 0.10599 0.12268
0 0.64843 0.61192 0.07813 0.09205
0 0.65385 0.72324 0.10202 0.10558
