0 0.29175 0.36385 0.07799 0.05097
0 0.30252 0.47031 0.06792 0.03955
0 0.37756 0.37542 0.06002 0.04919
0 0.41468 0.44935 0.09004 0.03684
0 0.46523 0.37356 0.07108 0.04704
0 0.51105 0.433 0.0711 0.04808
0 0.58293 0.37031 0.10111 0.04054
0 0.57661 0.44179 0.05370 0.01749
0 0.63506 0.44223 0.05686 0.03967
0 0.3191 0.2605 0.06320 0.01456
0 0.32966 0.39832 0.05786 0.01546
0 0.23567 0.04907 0.07009 0.04268
0 0.16513 0.22100 0.16892 0.03753
0 0.14246 0.25321 0.12791 0.02128
0 0.08348 0.28039 -0.03207 0.01939
0 0.24801 0.07512 0.07896 0.03149
0 0.32463 0.06638 0.05213 0.05322
