0 0.76446 0.07777 0.08313 0.04111
0 0.77267 0.22782 0.04720 0.04566
0 0.80722 0.26327 0.03944 0.03455
0 0.82694 0.32138 0.05258 0.05832
0 0.82420 0.39693 0.06242 0.06612
0 0.82201 0.47305 0.07338 0.05944
0 0.79029 0.58194 0.09958 0.09499
0 0.80886 0.69249 0.07777 0.09167
0 0.61394 0.01522 0.06670 0.01843
0 0.2897 0.22916 0.03176 0.01832
0 0.68662 0.24610 0.03720 0.02332
0 0.6905 0.36305 0.03380 0.03055
0 0.66762 0.49833 0.05356 0.01778
0 0.68126 0.60027 0.05257 0.00944
0 0.61166 0.69055 0.04481 0.01556
0 0.04288 0.27722 0.07568 0.05443
0 0.07804 0.35916 -0.03208 0.07278
0 0.07217 0.42866 -0.01575 0.064
0 0.07874 0.52333 -0.00261 0.07
0 0.06319 0.60193 0.06572 0.07388
0 0.23657 0.73749 0.05475 0.01944
0 0.39813 0.77194 0.04929 0.03612
0 0.27162 0.33860 0.03725 0.01833
0 0.2667 0.49471 0.03614 0.02389
0 0.28581 0.58471 0.03953 0.02388
0 0.34446 0.68333 0.04708 0.01466
