0 0.06159 0.34892 -0.06649 0.03603
0 0.01546 0.39294 0.02578 0.02490
0 0.08195 0.40173 0.02782 0.00861
0 0.15169 0.4747 0.11578 0.03188
0 0.02644 0.50796 0.0399 0.03465
0 0.02422 0.56202 0.03196 0.03325
0 0.16571 0.62023 0.13968 0.03466
0 0.21958 0.65332 0.02783 0.02668
0 0.21649 0.68133 0.02577 0.02933
0 0.22654 0.71484 0.0335 0.02907
0 0.23034 0.75276 0.06000 0.02807
0 0.25155 0.78464 0.02265 0.03083
0 0.27498 0.80113 0.03558 0.01530
0 0.29963 0.82037 0.01371 0.03905
0 0.16418 0.28429 0.13251 0.04260
0 0.15747 0.32414 0.14382 0.02945
0 0.26592 0.04381 0.05370 0.04638
0 0.21702 0.23512 0.02684 0.02871
0 0.3819 0.08693 0.02379 0.02114
0 0.55153 0.08693 0.02578 0.02114
0 0.44638 0.08017 0.02163 0.01871
0 0.75979 0.32604 0.04947 0.04790
0 0.77037 0.2831 0.04069 0.04499
0 0.76082 0.15066 0.03196 0.1402
0 0.72005 0.15982 0.03000 0.12187
0 0.86778 0.34374 0.03143 0.04638
0 0.87267 0.3908 0.02988 0.03752
0 0.58633 0.47229 0.02010 0.02352
0 0.41288 0.51924 0.02989 0.02871
0 0.30874 0.51769 0.0237 0.03390
0 0.29757 0.55144 0.01783 0.01210
0 0.29474 0.64084 0.01937 0.02529
0 0.34845 0.78724 0.02784 0.02009
0 0.57417 0.64084 0.02773 0.02529
0 0.71133 0.64934 0.02782 0.02148
0 0.78066 0.61765 0.03556 0.03425
0 0.78272 0.66147 0.03969 0.03744
0 0.7786 0.6977 0.02732 0.02188
0 0.76521 0.74410 0.03037 0.02944
0 0.74685 0.78395 0.01970 0.03985
0 0.69741 0.53134 0.02371 0.02250
0 0.69524 0.47556 0.02349 0.02252
0 0.81623 0.52976 0.02732 0.05253
0 0.40825 0.57743 0.02477 0.02390
0 0.58706 0.53481 0.03000 0.02390
0 0.57319 0.34938 0.02578 0.02937
0 0.4634 0.32192 0.03195 0.03667
0 0.39913 0.34025 0.01677 0.01869
0 0.67345 0.26976 0.04794 0.01833
0 0.42722 0.77195 0.04664 0.02415
