0 0.64687 0.05030 0.03222 -0.08113
0 0.67040 0.03898 0.02071 0.02780
0 0.69038 0.06553 0.02692 0.01461
0 0.64007 0.16364 0.03995 0.13457
0 0.67090 0.15901 0.03029 0.13813
0 0.70721 0.15491 0.03557 0.13564
0 0.71989 0.2434 0.02826 0.02779
0 0.72499 0.28291 0.03557 0.03573
0 0.72783 0.31913 0.03759 0.02102
0 0.72238 0.38862 0.03591 0.03029
0 0.72551 0.42622 0.03451 0.03706
0 0.77403 0.39400 0.02693 0.02737
0 0.7986 0.38999 0.01163 0.02018
0 0.76824 0.44137 0.03464 0.03814
0 0.35408 0.15778 0.03028 0.13558
0 0.32983 0.01452 0.04120 0.02896
0 0.29355 0.04308 0.02750 0.03028
0 0.27547 0.07533 0.02693 0.02352
0 0.30312 0.15366 0.04952 0.13813
0 0.25071 0.16239 0.03413 0.13421
0 0.24733 0.24589 0.03321 0.03279
0 0.24711 0.28362 0.02692 0.03716
0 0.66297 0.36671 0.02500 0.02638
0 0.63966 0.36617 0.01394 0.01175
0 0.23007 0.38114 0.04074 0.03172
0 0.24350 0.42286 0.03413 0.03606
0 0.14668 0.39112 0.11452 0.02743
0 0.15889 0.42508 0.13222 0.04998
0 0.06706 0.39147 0.02644 0.02313
0 0.06778 0.43745 0.025 0.03029
0 0.15985 0.54168 0.1303 0.03563
0 0.08581 0.55683 0.01778 0.04240
0 0.24469 0.54635 0.02792 0.03130
0 0.26704 0.58663 0.03321 0.02785
0 0.26128 0.613 0.02643 0.01503
0 0.25714 0.65808 0.02582 0.02537
0 0.25906 0.69242 0.02198 0.02565
0 0.33773 0.67497 0.01971 0.00925
0 0.33843 0.696 0.02399 0.01996
0 0.63696 0.64207 0.03374 0.07201
0 0.56028 0.68745 0.01961 0.02638
0 0.50292 0.68615 0.00779 0.02378
0 0.47449 0.68036 0.02793 0.01917
0 0.44060 0.74429 0.02071 0.02887
0 0.47139 0.74019 0.01586 0.01853
0 0.51051 0.74549 0.02703 0.02912
0 0.54447 0.75676 0.02356 0.02244
0 0.72456 0.62578 0.02971 0.04420
0 0.72767 0.67694 0.04649 0.0474
0 0.70913 0.73127 0.03942 0.04705
0 0.66629 0.71702 0.03548 0.03564
0 0.7236 0.54681 0.03835 0.02754
0 0.76874 0.5408 0.02692 0.03172
0 0.73363 0.58049 0.02600 0.02911
0 0.75935 0.57519 0.01685 0.02922
0 0.55285 0.52066 0.02407 0.03562
0 0.51586 0.42075 0.03366 0.0403
0 0.58432 0.4485 0.02846 0.01604
0 0.31128 0.61771 0.02643 0.02329
0 0.6673 0.53117 0.02692 0.01461
