0 0.4326 0.09554 0.0842 -0.00492
0 0.42929 0.27198 0.07757 0.06670
0 0.42577 0.57172 0.09461 0.15767
0 0.31484 0.18671 0.08482 0.23168
0 0.27569 0.36647 0.05546 0.01705
0 0.55051 0.16093 0.05697 0.18666
0 0.54241 0.28479 0.03426 0.03834
0 0.55546 0.36717 0.06687 0.05255
0 0.55138 0.55184 0.05872 0.09801
0 0.55709 0.66189 0.06362 0.07665
0 0.63805 0.16042 0.07461 0.15925
0 0.62234 0.31107 0.06689 0.11079
0 0.63947 0.60652 0.08809 0.10794
0 0.74866 0.25944 0.08177 0.07769
0 0.67851 0.36713 0.05198 0.04413
