0 0.58332 0.12788 0.09999 0.15428
0 0.59666 0.25899 0.12667 0.07253
0 0.60277 0.31737 0.125 0.03804
0 0.63472 0.36421 0.125 0.04730
0 0.64374 0.42798 0.10694 0.06995
0 0.67911 0.50925 0.08621 0.07921
0 0.75203 0.59027 0.10406 0.07253
0 0.768 0.67386 0.12212 0.06585
0 0.40346 0.06419 0.14583 -0.05679
0 0.39771 0.12618 0.17656 0.1571
0 0.38282 0.23908 0.16489 0.07328
0 0.36735 0.33926 0.15417 0.09720
0 0.35902 0.42351 0.15694 0.05302
0 0.33541 0.51105 0.10971 0.07767
0 0.31040 0.58797 0.12362 0.06484
0 0.31388 0.66294 0.13889 0.08105
0 0.30480 0.7484 0.14851 0.05134
0 0.30694 0.82304 0.10277 0.06892
