0 0.28213 0.18492 0.0398 0.18308
0 0.29049 0.32523 0.02914 0.07106
0 0.27542 0.40146 0.03426 0.03822
0 0.26809 0.48066 0.04501 0.05544
0 0.27592 0.58244 0.05675 0.04725
0 0.27395 0.65367 0.05281 0.05881
0 0.27038 0.73156 0.06329 0.04696
0 0.27395 0.81139 0.05281 0.06691
0 0.38649 0.13763 0.04698 0.13412
0 0.38003 0.25243 0.04403 0.05634
0 0.75831 0.30014 0.04891 0.00470
0 0.62719 0.33712 0.04108 0.02278
0 0.46667 0.33676 0.03533 0.02351
0 0.76417 0.48405 0.03325 0.03282
0 0.60665 0.48014 0.03913 0.03088
0 0.47601 0.44288 0.02643 0.01517
0 0.47015 0.46691 0.03229 0.02793
0 0.36985 0.4522 0.04110 0.02500
0 0.78472 0.59484 0.03127 0.01911
0 0.63942 0.61029 0.03229 0.04411
0 0.45498 0.60316 0.02935 0.04513
0 0.63247 0.75697 0.04620 0.01985
0 0.45694 0.75183 0.03327 0.02278
0 0.51221 0.83161 0.02252 0.01617
0 0.50586 0.85514 0.03522 0.02941
