0 0.13944 0.34319 0.13837 0.06831
0 0.13084 0.43055 0.15475 0.08027
0 0.14783 0.50312 0.14557 0.04454
0 0.14423 0.56675 0.18153 0.06822
0 0.27217 0.34347 0.06474 0.08518
0 0.27217 0.42152 0.06474 0.04500
0 0.27677 0.49709 0.06433 0.08562
0 0.37889 0.34985 0.11030 0.09273
0 0.38488 0.45733 0.08393 0.09578
0 0.48321 0.40488 0.02157 0.06975
0 0.57853 0.35485 0.08292 0.06530
0 0.56573 0.42039 0.12030 0.03961
0 0.75518 0.37445 0.10112 0.03193
0 0.43384 0.25181 0.14827 0.0479
0 0.18141 0.15604 0.19832 0.21601
