0 0.24033 0.04363 0.06654 0.04117
0 0.31550 0.03348 0.07507 0.02577
0 0.31769 0.0648 0.07070 0.03974
0 0.30069 0.04618 0.04544 -0.08771
0 0.05728 0.05731 0.06653 0.04378
0 0.17377 0.04086 0.15769 -0.07667
0 0.16716 0.02199 0.16216 0.03605
0 0.06538 0.04393 -0.00910 0.03326
0 0.16546 0.07669 0.14106 0.01641
0 0.60445 0.55932 0.06206 0.02995
0 0.67132 0.55263 0.04544 0.02432
0 0.62936 0.59081 0.06293 0.02437
0 0.67351 0.59216 0.04982 0.03283
0 0.73275 0.59014 0.05545 0.02881
0 0.7041 0.72174 0.07080 0.03779
0 0.71896 0.75676 0.05857 0.02736
0 0.78476 0.87067 0.04857 0.02995
0 0.84833 0.86995 0.04982 0.02620
0 0.80856 0.89663 0.07867 0.01332
0 0.82123 0.91797 0.07080 0.03422
0 0.7666 0.71840 0.05419 0.03532
0 0.78364 0.76842 0.04631 0.03974
