0 0.28702 0.08784 0.07454 0.00511
0 0.26895 0.25715 0.07129 0.10547
0 0.27394 0.35091 0.05223 0.05078
0 0.28750 0.45149 0.09487 0.09440
0 0.27829 0.55412 0.09587 0.09179
0 0.26942 0.64988 0.07811 0.05829
0 0.51209 0.10515 0.09099 0.2085
0 0.51016 0.28971 0.07164 0.10937
0 0.51064 0.38757 0.04355 0.04469
0 0.54404 0.48176 0.08325 0.09375
0 0.54867 0.60514 0.09335 0.09440
0 0.54210 0.70832 0.11035 0.07944
0 0.39447 0.05124 0.06098 0.09332
0 0.38800 0.23815 0.03455 0.05751
0 0.41045 0.33951 0.0968 0.11263
0 0.40851 0.45626 0.09293 0.09611
0 0.41819 0.56542 0.08131 0.08399
0 0.41045 0.66524 0.12003 0.07918
0 0.64762 0.10373 0.08131 0.20612
0 0.66166 0.2661 0.0726 0.07779
0 0.68199 0.36067 0.03194 0.05729
0 0.68048 0.46845 0.08702 0.12490
0 0.70764 0.58022 0.07550 0.08104
0 0.71538 0.70312 0.10260 0.125
0 0.04907 0.1873 0.08714 0.197
0 0.03101 0.33386 0.0555 0.06273
0 0.07729 0.45241 -0.04094 0.11077
