0 0.33386 0.33898 0.08360 0.13202
0 0.35343 0.48429 0.06561 0.15719
0 0.35187 0.61774 0.03709 0.06154
0 0.3405 0.72073 0.07032 0.08929
0 0.43962 0.33764 0.07523 0.13470
0 0.45391 0.48384 0.06783 0.15095
0 0.46401 0.6231 0.04763 0.07225
0 0.43441 0.74531 0.06872 0.11685
0 0.53491 0.35631 0.07937 0.12745
0 0.54391 0.51114 0.07830 0.16770
0 0.53841 0.66582 0.06402 0.07028
0 0.55319 0.8363 0.10629 0.21855
0 0.68148 0.35766 0.09311 0.13391
0 0.69629 0.51337 0.07618 0.12934
0 0.67825 0.64486 0.04243 0.07868
0 0.69153 0.77608 0.06665 0.13559
0 0.84390 0.38134 0.10263 0.15609
0 0.86454 0.57978 0.11216 0.19259
