0 0.04351 0.04666 0.03806 -0.0792
0 0.03655 0.04837 -0.07297 -0.08263
0 0.04129 0.11408 0.04249 0.17239
0 0.04367 0.28462 0.02720 0.03192
0 0.04921 0.35052 0.02092 0.08500
0 0.05653 0.48583 0.03301 0.07810
0 0.06703 0.56544 0.02434 0.05364
0 0.0639 0.64487 0.02835 0.07026
0 0.04684 0.4452 -0.08189 0.03120
0 0.05133 0.54463 -0.08526 0.02745
0 0.04873 0.63469 -0.09046 0.05593
0 0.04633 0.68619 -0.08291 0.03421
0 0.04823 0.27639 -0.08466 0.04292
0 0.08721 0.35572 0.01828 0.02989
0 0.0368 0.35357 0.05424 0.03419
0 0.04823 0.35621 -0.08466 0.03691
0 0.22324 0.03156 0.03290 0.06304
0 0.08209 0.09248 0.03429 0.00901
0 0.04162 0.27696 0.03429 0.03319
0 0.06199 0.29415 0.01605 0.02027
0 0.14873 0.28261 0.11612 0.02789
0 0.21927 0.43433 0.03331 0.02746
0 0.29652 0.42632 0.01295 0.03488
0 0.39705 0.59076 0.00603 0.03392
0 0.40069 0.62868 0.01058 0.05592
0 0.37341 0.61000 0.02683 0.06037
0 0.35115 0.61844 0.0343 0.07981
0 0.31493 0.61131 0.02582 0.04152
0 0.28686 0.61308 0.03532 0.05364
0 0.25874 0.68298 0.03052 0.03464
0 0.25534 0.73212 0.03052 0.05420
0 0.26234 0.79628 0.02811 0.06810
0 0.37122 0.13454 0.02571 0.13691
0 0.40377 0.07531 0.01195 0.03047
0 0.38922 0.05938 0.01715 -0.06061
0 0.40379 0.05552 0.00712 -0.06491
0 0.44975 0.07596 0.02089 0.0352
0 0.47616 0.08089 0.02434 0.03219
0 0.47548 0.25815 0.03050 0.02446
0 0.37443 0.26501 0.02479 0.03563
0 0.40188 0.25037 0.01091 0.03057
0 0.59619 0.13490 0.01473 0.13163
0 0.52071 0.05144 0.03331 0.04472
0 0.51762 0.14055 0.02988 0.12747
0 0.61999 0.13726 0.03090 0.12692
0 0.71313 0.2221 0.02091 0.02876
0 0.71604 0.29128 0.01715 0.02256
0 0.67279 0.62768 0.02544 0.04591
0 0.64284 0.6231 0.02432 0.04564
0 0.64574 0.67074 0.02332 0.04020
0 0.69887 0.63318 0.01229 0.02547
0 0.69526 0.67424 0.01675 0.03862
0 0.65192 0.76394 0.02329 0.03348
0 0.72939 0.73662 0.04190 0.06809
0 0.86299 0.48979 0.01955 0.03452
0 0.89796 0.49837 0.02093 0.01736
0 0.94632 0.43904 0.01475 0.03348
0 0.80915 0.58641 0.03670 0.03464
0 0.93416 0.61522 0.02673 0.05535
0 0.94084 0.54935 0.02571 0.07982
0 0.83051 0.05922 0.04315 0.05665
0 0.86621 0.58690 0.02824 0.04163
