0 0.22859 0.54367 0.04430 0.08782
0 0.13945 0.63317 0.1723 0.07016
0 0.14991 0.69117 0.14094 0.02675
0 0.12443 0.7572 0.15793 0.06640
0 0.05846 0.83388 0.06433 0.07159
0 0.29572 0.54320 0.05835 0.07253
0 0.28673 0.61331 0.03193 0.05452
0 0.27999 0.66897 0.04607 0.03294
0 0.27003 0.72195 0.05052 0.05679
0 0.27003 0.80281 0.07491 0.07245
0 0.26649 0.89260 0.07307 0.0716
0 0.40193 0.55132 0.06370 0.09353
0 0.39328 0.63765 0.06533 0.06120
0 0.39133 0.68974 0.02659 0.03535
0 0.38262 0.76397 0.05271 0.07209
0 0.36825 0.84368 0.06752 0.07396
0 0.49868 0.55555 0.07229 0.04496
0 0.48889 0.63125 0.02832 0.07398
0 0.49651 0.72288 0.08188 0.07488
0 0.48949 0.80405 0.08701 0.05967
0 0.48426 0.86656 0.03843 0.02811
