0 0.25399 0.08460 0.09605 0.02794
0 0.2535 0.03333 0.05449 0.05854
0 0.24656 0.1497 0.04701 0.14168
0 0.24627 0.26036 0.08354 0.06462
0 0.12161 0.05696 0.16576 -0.04666
0 0.11856 0.13291 0.18101 0.1752
0 0.04974 0.26574 0.08043 0.05588
0 0.50693 0.2599 0.07257 0.04419
0 0.51280 0.29724 0.03948 0.02030
0 0.60405 0.15426 0.07044 0.15894
0 0.59447 0.26982 0.09184 0.06199
0 0.57664 0.3224 0.06043 0.03608
0 0.66595 0.34352 0.05335 0.06903
0 0.50256 0.34269 0.04695 0.02478
0 0.51056 0.44892 0.03094 0.03709
0 0.47438 0.44766 0.03096 0.03759
0 0.42955 0.45096 0.04802 0.04419
0 0.26568 0.66641 0.04472 0.01167
0 0.27484 0.68699 0.04795 0.02642
