0 0.45623 0.03822 0.03949 0.01893
0 0.45303 0.06838 0.05443 0.03582
0 0.68777 0.05790 0.03744 0.0386
0 0.73539 0.05218 0.02988 0.04379
0 0.78494 0.04869 0.03734 0.04441
0 0.2668 0.47501 0.07683 0.06130
0 0.2588 0.57973 0.06083 0.09865
0 0.22765 0.67902 0.05055 0.04692
0 0.17304 0.7557 0.17471 0.10219
0 0.36232 0.45634 0.06936 0.05171
0 0.37187 0.54428 0.05434 0.10143
0 0.36712 0.65138 0.04483 0.05222
0 0.34626 0.75018 0.08440 0.09539
0 0.46584 0.47085 0.06509 0.04389
0 0.46481 0.54087 0.04796 0.08403
0 0.47865 0.62566 0.05016 0.05980
0 0.46885 0.70471 0.06897 0.07730
0 0.56431 0.50264 0.07655 0.08628
0 0.57130 0.60446 0.07111 0.09159
0 0.04551 0.50719 0.08904 0.09538
0 0.06686 0.61543 -0.03276 0.09387
