0 0.37384 0.64180 0.10648 0.08246
0 0.33854 0.71573 0.07552 0.05789
0 0.2879 0.77250 0.06540 0.03648
0 0.26402 0.83402 0.08734 0.06038
0 0.59505 0.63452 0.125 0.06955
0 0.59695 0.70782 0.09776 0.05789
0 0.61001 0.76613 0.07943 0.04039
0 0.60546 0.82673 0.13021 0.05666
0 0.75606 0.64701 0.09546 0.07705
0 0.75606 0.72802 0.10327 0.04164
0 0.79426 0.80174 0.09634 0.06830
0 0.49608 0.02019 0.08072 0.02458
0 0.52343 0.04081 0.06770 0.02416
0 0.31965 0.07767 0.07943 0.03624
0 0.33548 0.02322 0.05558 0.04155
0 0.36197 0.05413 0.05469 0.02167
0 0.56119 0.01328 0.07552 0.01915
