0 0.46781 0.23909 0.08353 0.07160
0 0.478 0.36913 0.04960 0.13251
0 0.47514 0.49382 0.04388 0.06914
0 0.50957 0.63071 0.08794 0.14044
0 0.35737 0.09032 0.03834 -0.00865
0 0.34492 0.25713 0.07430 0.10466
0 0.33257 0.36831 0.04960 0.06995
0 0.33027 0.48503 0.08557 0.16902
0 0.34553 0.62551 0.09808 0.09054
0 0.34956 0.71234 0.08101 0.04691
0 0.25704 0.04958 0.04058 -0.03415
0 0.24407 0.15558 0.06877 0.21028
0 0.25140 0.32139 0.04735 0.05020
0 0.13770 0.42921 0.19357 0.12098
0 0.15299 0.59299 0.19482 0.10781
0 0.15067 0.73662 0.21273 0.07735
0 0.64881 0.44603 0.04171 0.12007
0 0.65501 0.57818 0.06990 0.10452
