0 0.62168 0.07386 0.02476 0.02697
0 0.62321 0.15245 0.03164 0.11318
0 0.67111 0.24592 0.03042 0.03805
0 0.71645 0.27364 0.02172 0.02181
0 0.65088 0.29617 0.02370 0.01216
0 0.49440 0.68298 0.02733 0.02502
0 0.45993 0.68975 0.02422 0.03363
0 0.48943 0.71636 0.03105 0.01736
0 0.46148 0.71025 0.02111 0.01997
0 0.4913 0.74049 0.02607 0.02032
0 0.47950 0.76896 0.03106 0.02206
0 0.42461 0.73836 0.03197 0.02459
0 0.43695 0.82921 0.02298 0.04572
0 0.3981 0.82409 0.01112 0.04730
0 0.44621 0.76348 0.03157 0.02217
0 0.45931 0.94770 0.03789 0.03363
