0 0.03753 0.14583 0.06992 0.12116
0 0.08596 0.27996 -0.01520 0.10192
0 0.27046 0.09778 0.05555 -0.00347
0 0.27800 0.28657 0.08525 0.07434
0 0.41149 0.02313 0.10681 -0.02926
0 0.40812 0.02169 0.06479 0.02638
0 0.40715 0.26618 0.08334 0.06716
0 0.54105 0.03072 0.06701 -0.04765
0 0.66807 0.05251 0.11999 -0.03285
0 0.51315 0.14873 0.09064 0.16774
0 0.51315 0.28237 0.08187 0.05276
0 0.48829 0.51983 0.08479 0.05846
0 0.50949 0.59501 0.05701 0.06294
0 0.53362 0.67025 0.09064 0.05995
0 0.59817 0.52457 0.08525 0.06834
0 0.63669 0.60431 0.1038 0.06114
0 0.65637 0.67055 0.09659 0.03417
0 0.35301 0.51258 0.06589 0.02399
0 0.39692 0.67535 0.05995 0.02458
