0 0.37283 0.25853 0.06007 0.06243
0 0.50940 0.26795 0.09477 0.08126
0 0.50378 0.4082 0.07196 0.10499
0 0.39961 0.60482 0.06062 0.10011
0 0.50567 0.58298 0.07955 0.12004
0 0.66477 0.24145 0.07954 0.03769
0 0.66755 0.32508 0.05501 0.07067
0 0.65762 0.43756 0.04633 0.05773
0 0.65314 0.56486 0.09902 0.06932
0 0.76041 0.64074 0.07386 0.08009
0 0.79166 0.22938 0.03408 0.05004
0 0.76513 0.31801 0.08331 0.10128
0 0.86546 0.30329 0.07006 0.05065
0 0.94128 0.38338 0.08333 0.03887
0 0.29066 0.29513 0.06060 0.05082
0 0.28263 0.34682 0.07666 0.03641
