0 0.45196 0.32395 0.09461 0.06130
0 0.44104 0.39488 0.12809 0.06331
0 0.45519 0.46885 0.10891 0.06355
0 0.44604 0.59092 0.11207 0.10992
0 0.42666 0.72112 0.11319 0.08865
0 0.38063 0.81990 0.10334 0.06535
0 0.63245 0.29312 0.05384 0.02495
0 0.62904 0.36676 0.10235 0.07295
0 0.63391 0.44003 0.1179 0.07837
0 0.65306 0.53242 0.09506 0.08307
0 0.61303 0.63525 0.11399 0.07396
0 0.75564 0.29457 0.10189 0.06941
0 0.75326 0.14275 0.09753 0.18966
0 0.76573 0.35890 0.11626 0.06331
0 0.77510 0.44016 0.09753 0.06778
0 0.75273 0.51392 0.09606 0.06734
0 0.37481 0.88272 0.09753 0.04609
