0 0.33144 0.08048 0.05447 0.02308
0 0.38904 0.06736 0.03691 0.03672
0 0.44829 0.06369 0.04151 0.05666
0 0.50071 0.04532 0.04590 0.07869
0 0.3345 0.2576 0.05208 0.07450
0 0.39454 0.25679 0.05165 0.10019
0 0.50281 0.31636 0.06447 0.06820
0 0.85365 0.09325 0.04878 0.00593
0 0.74679 0.13677 0.08748 0.19863
0 0.82280 0.24578 0.05309 0.07716
0 0.87517 0.26285 0.02868 0.07239
0 0.45480 0.24867 0.05165 0.07763
0 0.49714 0.24415 0.01294 0.07621
0 0.69726 0.37589 0.06313 0.06764
0 0.86584 0.34155 0.07316 0.07450
0 0.81635 0.35724 0.04590 0.07040
0 0.81513 0.43863 0.06843 0.07550
0 0.60400 0.43361 0.04304 0.06035
0 0.75609 0.40083 0.06025 0.13011
0 0.46479 0.415 0.05441 0.0766
0 0.32878 0.41502 0.04342 0.07034
0 0.37541 0.4192 0.05069 0.0766
0 0.57605 0.19763 0.06461 0.22171
0 0.39599 0.52355 0.02012 0.06305
0 0.45430 0.52455 0.04691 0.06296
0 0.40745 0.66813 0.08034 0.06869
0 0.47438 0.65526 0.04691 0.10072
0 0.55683 0.37642 0.06633 0.13907
0 0.66422 0.22479 0.07164 0.04778
0 0.35867 0.48452 0.04016 0.03095
0 0.32854 0.50734 0.04016 0.04302
