0 0.49316 0.36002 0.07495 0.06190
0 0.5878 0.36873 0.07119 0.07565
0 0.68354 0.34958 0.08544 0.05743
0 0.78001 0.35181 0.05390 0.08762
0 0.85284 0.35051 0.06012 0.09567
0 0.50078 0.44484 0.06803 0.07839
0 0.58544 0.44257 0.08228 0.06835
0 0.67749 0.40746 0.08601 0.02552
0 0.68037 0.46987 0.09177 0.05934
0 0.77877 0.45715 0.08286 0.07019
0 0.56699 0.49994 0.07702 0.04821
0 0.44939 0.57839 0.09800 0.09572
0 0.57727 0.57793 0.05645 0.09114
0 0.7492 0.54648 0.09651 0.08112
0 0.44540 0.66818 0.09335 0.06381
0 0.59651 0.67958 0.10758 0.04652
