0 0.27652 0.28028 0.04855 0.04942
0 0.2804 0.3722 0.05630 0.07280
0 0.30630 0.44427 0.03153 0.04160
0 0.31080 0.50371 0.06306 0.05350
0 0.31981 0.57800 0.06757 0.05052
0 0.32720 0.2942 0.05280 0.0832
0 0.34291 0.36101 0.06622 0.02387
0 0.37049 0.44694 0.05180 0.09272
0 0.42004 0.53936 0.10136 0.07133
0 0.35755 0.14241 0.12502 0.17577
0 0.41548 0.27934 0.06520 0.08321
0 0.51350 0.54383 0.07207 0.10697
0 0.48873 0.26765 0.06307 0.08063
0 0.54617 0.15083 0.05179 0.17974
0 0.62611 0.06492 0.08557 0.05944
0 0.63513 0.24813 0.08557 0.03863
0 0.56868 0.50093 0.06081 0.01228
