0 0.79967 0.09048 0.05757 -0.01149
0 0.76871 0.24472 0.07028 0.07250
0 0.76135 0.3042 0.04664 0.06748
0 0.76505 0.36371 0.03923 0.01394
0 0.69605 0.07748 0.06203 -0.02090
0 0.68927 0.18621 0.07745 0.22842
0 0.61993 0.05480 0.07946 -0.06515
0 0.60898 0.11924 0.04279 0.16748
0 0.61313 0.25386 0.05474 0.05640
0 0.60172 0.32046 0.09215 0.07125
0 0.55975 0.37522 0.04652 0.02368
0 0.46258 0.06210 0.05656 0.06294
0 0.45437 0.23893 0.06021 0.07743
0 0.45938 0.31028 0.03921 0.04092
0 0.44116 0.37776 0.07022 0.05752
0 0.44481 0.44853 0.07203 0.08300
0 0.47212 0.51996 0.03732 0.04103
0 0.47764 0.56797 0.04288 0.03418
0 0.37585 0.11454 0.06761 0.17578
0 0.36861 0.2357 0.06021 0.06973
0 0.34714 0.34098 0.08655 0.08904
0 0.34809 0.43362 0.07934 0.06968
0 0.37043 0.49833 0.05109 0.04866
0 0.41782 0.51387 0.03475 0.03328
0 0.41970 0.56038 0.04015 0.01990
0 0.36860 0.55586 0.04197 0.04977
