0 0.97267 0.50665 0.02524 0.07530
0 0.94336 0.50313 0.02515 0.06510
0 0.91873 0.60117 0.03558 0.08549
0 0.91235 0.51528 0.01990 0.05803
0 0.89355 0.60117 0.02700 0.06665
0 0.88577 0.51400 0.02454 0.05391
0 0.85504 0.54009 0.02083 0.07901
0 0.8249 0.61646 0.03080 0.08784
0 0.85359 0.64038 0.02657 0.09333
0 0.84743 0.72342 0.01331 0.04491
0 0.84012 0.76862 0.01183 0.02353
0 0.84343 0.80968 0.01752 0.03862
0 0.84556 0.87215 0.01421 0.06901
0 0.83701 0.93450 0.01236 0.02430
0 0.7219 0.43753 0.03225 0.06567
0 0.75387 0.44631 0.02705 0.07343
0 0.73919 0.59842 0.01757 0.01610
0 0.76048 0.61176 0.01478 0.04235
0 0.77661 0.61478 0.01189 0.04883
0 0.79251 0.61293 0.01422 0.04940
0 0.74158 0.77568 0.01847 0.05961
0 0.76356 0.77176 0.01694 0.06587
0 0.78445 0.77955 0.01705 0.05500
0 0.63523 0.48166 0.01706 0.04567
0 0.65674 0.48274 0.01268 0.03215
0 0.63921 0.57175 0.01363 0.02510
0 0.63445 0.61137 0.01284 0.03686
0 0.65745 0.61921 0.02283 0.04156
0 0.67972 0.63029 0.01336 0.05391
0 0.69913 0.68263 0.00273 0.03666
0 0.68118 0.69802 0.01136 0.05804
0 0.6954 0.74127 0.01705 0.06725
0 0.67432 0.78901 0.01183 0.04078
0 0.64376 0.81018 0.02178 0.05176
0 0.58834 0.31288 0.01515 0.03440
0 0.58997 0.37812 0.02126 0.05509
0 0.56631 0.30509 0.01753 0.03764
0 0.55139 0.36963 0.02274 0.05913
0 0.55944 0.43029 0.03220 0.05391
0 0.39409 0.39774 0.01889 0.02372
0 0.39696 0.47400 0.01895 0.03350
0 0.39765 0.56538 0.01558 0.04997
0 0.39764 0.62347 0.00611 0.03910
0 0.37348 0.61176 0.02517 0.04235
0 0.30293 0.40862 0.00709 0.06430
0 0.28348 0.41680 0.02611 0.06656
0 0.2643 0.58671 0.02848 0.03324
0 0.07266 0.50626 0.01941 0.07607
0 0.08308 0.59136 0.02131 0.07372
0 0.14742 0.65215 0.11314 0.04941
0 0.15128 0.72420 0.10941 0.04648
0 0.04495 0.5042 0.0218 0.06766
0 0.05608 0.59916 0.02511 0.07225
0 0.06268 0.51450 -0.06863 0.10197
0 0.01960 0.62274 0.03080 0.08784
0 0.07862 0.60823 0.02085 0.07138
0 0.07834 0.51019 0.01857 0.06039
0 0.25627 0.41764 0.02083 0.02117
0 0.26148 0.45176 0.01800 0.03608
