0 0.39757 0.18693 0.06145 0.22739
0 0.51248 0.0812 0.05681 -0.03119
0 0.50279 0.18115 0.05585 0.19819
0 0.51861 0.31587 0.06145 0.05359
0 0.61216 0.03066 0.03623 0.04947
0 0.63028 0.25486 0.05959 0.10173
0 0.72625 0.06687 0.04096 0.04586
0 0.7436 0.28152 0.07331 0.09172
0 0.39105 0.55432 0.08566 0.10191
0 0.50558 0.53593 0.06143 0.07006
0 0.50651 0.65732 0.06703 0.05606
0 0.62104 0.53325 0.03537 0.07543
0 0.62662 0.62037 0.04654 0.05604
0 0.69639 0.5363 0.06320 0.05859
0 0.69459 0.61796 0.05959 0.05576
0 0.78770 0.59235 0.08940 0.09426
