0 0.78543 0.04968 0.02993 -0.03877
0 0.80956 0.13729 0.02182 0.13981
0 0.79428 0.22181 0.01945 0.03551
0 0.87650 0.2962 0.05637 0.07716
0 0.88354 0.37147 0.05169 0.05720
0 0.88476 0.44891 0.04805 0.05174
0 0.89088 0.54168 0.06230 0.10641
0 0.88724 0.64970 0.06711 0.08128
0 0.76375 0.35158 0.02819 0.02239
0 0.77248 0.77112 0.02684 0.02215
0 0.60817 0.16157 0.03580 0.1361
0 0.60871 0.34735 0.02817 0.03336
0 0.39563 0.34749 0.02349 0.02685
0 0.29160 0.32075 0.02751 0.02805
0 0.27650 0.35033 0.03893 0.03110
0 0.06945 0.16188 0.04765 0.13422
0 0.03219 0.28899 0.04835 0.09013
0 0.07079 0.38921 -0.04361 0.03915
0 0.02754 0.46172 0.04155 0.05601
0 0.13711 0.05977 0.12658 -0.02461
0 0.77583 0.64871 0.02685 0.01183
