0 0.72084 0.06583 0.04527 -0.06165
0 0.63236 0.13152 0.05487 0.1417
0 0.70301 0.07784 0.04527 0.03434
0 0.49944 0.14941 0.05715 0.11757
0 0.56789 0.14615 0.05486 0.12713
0 0.50616 0.24822 0.05486 0.03492
0 0.63785 0.26229 0.05761 0.04521
0 0.57955 0.24761 0.05349 0.03481
0 0.52944 0.28885 0.04927 0.0373
0 0.58298 0.28687 0.03017 0.04125
0 0.57338 0.35302 0.06035 0.04013
0 0.63765 0.35563 0.06074 0.03066
0 0.71056 0.33209 0.07955 0.04580
0 0.63491 0.39965 0.05526 0.04860
0 0.65706 0.44686 0.04664 0.03221
0 0.57524 0.43276 0.06408 0.05137
0 0.50205 0.40756 0.04664 0.03393
0 0.51297 0.0546 0.06595 0.04240
0 0.52144 0.4868 0.06271 0.03973
0 0.59003 0.48558 0.05998 0.03844
0 0.66460 0.48077 0.07271 0.03109
0 0.58210 0.05432 0.05310 0.04184
