0 0.40909 0.16343 0.02922 0.18918
0 0.48475 0.16219 0.04945 0.17025
0 0.73051 0.05998 0.06817 -0.02746
0 0.80762 0.04555 0.03084 0.02497
0 0.81412 0.16471 0.08927 0.14856
0 0.80383 0.38143 0.10642 0.14793
0 0.26699 0.34065 0.04394 0.07966
0 0.15941 0.47978 0.16818 0.14149
0 0.31736 0.33764 0.03408 0.08076
0 0.40340 0.34353 0.08928 0.06897
0 0.48019 0.3038 0.04033 0.05349
0 0.31975 0.53091 0.07458 0.09631
0 0.16996 0.59452 0.17304 0.03090
0 0.43749 0.47918 0.03084 0.10939
0 0.52222 0.43043 0.06269 0.08799
0 0.33035 0.65789 0.07305 0.09582
0 0.39596 0.65279 0.01273 0.11177
0 0.44318 0.64922 0.02921 0.11652
0 0.4958 0.58382 0.01760 0.11653
0 0.50973 0.71457 0.05193 0.05698
0 0.17321 0.26227 0.17306 0.11554
0 0.64465 0.08971 0.07229 -0.01796
