0 0.24000 0.06969 0.08000 -0.01445
0 0.28088 0.25402 0.14882 0.09239
0 0.50940 0.25664 0.15765 0.07189
0 0.63411 0.04845 0.09177 0.08986
0 0.52234 0.3652 0.16941 0.08626
0 0.30200 0.35945 0.20400 0.06181
0 0.51176 0.4565 0.14352 0.06040
0 0.53529 0.53989 0.12469 0.06613
0 0.36117 0.44287 0.12940 0.07183
0 0.16949 0.43888 0.19747 0.03236
0 0.24705 0.51473 0.0847 0.06039
0 0.35175 0.52861 0.10588 0.07576
0 0.28705 0.63055 0.12234 0.07979
0 0.49356 0.61322 0.14698 0.05031
0 0.49052 0.70078 0.16694 0.08023
0 0.21767 0.71315 0.27522 0.05320
0 0.40705 0.83752 0.08000 0.08338
