0 0.58416 0.53452 0.07317 0.05105
0 0.57793 0.59397 0.05528 0.05215
0 0.57736 0.64590 0.04720 0.02473
0 0.58417 0.70300 0.09294 0.04991
0 0.58535 0.76725 0.09056 0.05449
0 0.41915 0.52484 0.05662 0.04831
0 0.42768 0.64860 0.04449 0.02383
0 0.43695 0.69266 0.0927 0.02832
0 0.43695 0.73955 0.10259 0.06206
0 0.44499 0.82165 0.08899 0.06170
0 0.43876 0.9008 0.10146 0.04012
0 0.14838 0.4887 0.18777 0.02328
0 0.12923 0.54968 0.18158 0.05799
0 0.06810 0.60443 0.04944 0.03283
0 0.12737 0.67170 0.18529 0.06214
0 0.12620 0.74994 0.20767 0.08104
0 0.14468 0.84261 0.18775 0.07374
