0 0.70357 0.44652 0.05056 0.05192
0 0.71266 0.52182 0.04459 0.05714
0 0.78357 0.4919 0.05190 0.01808
0 0.80426 0.57943 0.05667 0.09241
0 0.71134 0.58424 0.04198 0.03765
0 0.49150 0.50806 0.01703 0.02443
0 0.51848 0.51606 0.03519 0.03205
0 0.55318 0.52102 0.02527 0.03271
0 0.58363 0.52069 0.02711 0.03232
0 0.85134 0.71962 0.04620 0.03427
0 0.79162 0.71624 0.03661 0.05554
0 0.72791 0.70353 0.05417 0.05191
0 0.67649 0.69281 0.03498 0.02427
0 0.67654 0.74530 0.04010 0.02949
0 0.67785 0.78811 0.02354 0.02378
0 0.72704 0.77538 0.05243 0.04922
0 0.78662 0.78478 0.04579 0.04101
0 0.69023 0.84243 0.03630 0.04409
0 0.75762 0.82833 0.02615 0.04530
