0 0.04763 0.3345 0.0765 0.05887
0 0.0766 0.386 -0.02627 0.03344
0 0.06818 0.43249 0.02420 0.05038
0 0.04998 0.49285 0.09583 0.02553
0 0.06666 0.55525 0.05608 0.02514
0 0.12337 0.60055 0.15508 0.05097
0 0.27754 0.61070 0.04547 0.01942
0 0.28244 0.50014 0.04728 0.00943
0 0.82702 0.26256 0.03804 0.02743
0 0.8444 0.29689 0.02734 0.00767
0 0.85610 0.34851 0.06822 0.04382
0 0.85335 0.39996 0.05930 0.04077
0 0.87779 0.45394 0.04086 0.03289
0 0.7227 0.51976 0.02873 0.02981
0 0.70913 0.60356 0.03686 0.00896
0 0.67828 0.01904 0.06010 0.02258
0 0.71544 0.25158 0.05108 0.01842
0 0.72897 0.35925 0.05005 0.02262
0 0.17074 0.13682 0.16971 0.13449
0 0.14531 0.24842 0.11885 0.03667
0 0.25836 0.36186 0.05058 0.01643
0 0.87830 0.51486 0.04509 0.05564
0 0.83132 0.56858 0.05848 0.04877
