0 0.84805 0.25759 0.01797 0.02228
0 0.86924 0.25976 0.02168 0.02198
0 0.90996 0.27682 0.03573 0.02718
0 0.84192 0.28058 0.02336 0.01389
0 0.87103 0.28708 0.02405 0.01879
0 0.84004 0.30756 0.01888 0.02502
0 0.86616 0.30422 0.02785 0.01140
0 0.58247 0.44951 0.03505 0.03297
0 0.57662 0.47902 0.04260 0.02199
0 0.56180 0.49782 0.02553 0.01040
0 0.54810 0.52193 0.04328 0.02621
0 0.55017 0.54757 0.02817 0.01795
0 0.54221 0.57318 0.03564 0.02112
0 0.54535 0.59739 0.02542 0.01978
0 0.54244 0.63378 0.03610 0.02604
0 0.54123 0.66531 0.03642 0.02603
0 0.54173 0.70450 0.06429 0.03152
0 0.62454 0.59682 0.04298 0.02615
0 0.62764 0.64087 0.04367 0.02573
0 0.62626 0.67297 0.03681 0.01475
0 0.65688 0.70566 0.04780 0.03558
0 0.66729 0.74674 0.03859 0.03151
0 0.68059 0.78936 0.03948 0.02939
0 0.68802 0.83054 0.03604 0.04730
0 0.70293 0.88457 0.04568 0.04222
0 0.77044 0.87323 0.05910 0.05481
0 0.90893 0.06843 0.02405 0.02486
0 0.96597 0.07255 0.03780 0.02498
0 0.76597 0.40415 0.02405 0.00128
0 0.76666 0.53234 0.02405 0.01658
