0 0.40114 0.01547 0.04737 0.02505
0 0.42719 0.04577 0.04720 0.03254
0 0.24509 0.15657 0.03758 0.16174
0 0.24223 0.28764 0.07433 0.07429
0 0.36478 0.32374 0.06290 0.05731
0 0.37336 0.39783 0.04574 0.09087
0 0.36428 0.48945 0.06718 0.06124
0 0.36560 0.57298 0.07924 0.05381
0 0.24672 0.36571 0.08332 0.04568
0 0.19377 0.43623 0.19376 0.07832
0 0.26143 0.61696 0.07353 0.07931
0 0.25562 0.69577 0.09660 0.05823
0 0.28145 0.77333 0.04494 0.05471
0 0.04164 0.36118 0.06801 0.06377
0 0.04409 0.43649 0.07291 0.05571
0 0.05317 0.50099 0.06455 0.05721
0 0.05767 0.58357 0.05065 0.08984
0 0.83373 0.64433 0.07433 0.08077
0 0.22875 0.53689 0.03758 0.05872
0 0.26674 0.53262 0.03349 0.05320
0 0.37663 0.65059 0.05227 0.08635
0 0.38388 0.74670 0.05209 0.09273
