0 0.82174 0.15748 0.03508 0.15611
0 0.8228 0.28767 0.04000 0.03878
0 0.68701 0.24021 0.02385 0.00765
0 0.68626 0.25637 0.03357 0.02465
0 0.71815 0.25991 0.02895 0.01928
0 0.69499 0.33311 0.01597 0.01912
0 0.78726 0.41517 0.04334 0.04635
0 0.92792 0.35076 0.05570 0.06037
0 0.77298 0.48363 0.04140 0.03273
0 0.83203 0.54052 0.06362 0.04024
0 0.84066 0.58874 0.07948 0.03209
0 0.82931 0.64731 0.04322 0.04549
0 0.67999 0.59214 0.02807 0.01763
0 0.07403 0.03912 0.05052 0.06356
0 0.03308 0.15981 0.06503 0.15315
0 0.01920 0.27699 0.03104 0.05740
0 0.22736 0.27006 0.04491 0.02002
0 0.03271 0.32301 -0.05245 0.04443
0 0.03464 0.36160 0.05561 0.02849
0 0.02782 0.58346 0.05450 0.04564
0 0.79458 0.04922 0.05232 0.04165
0 0.14745 0.14247 0.12297 0.12491
0 0.37894 0.35395 0.02104 0.02594
0 0.38771 0.41767 0.03016 0.02518
0 0.50631 0.87669 0.02737 0.02211
0 0.67282 0.89646 0.03478 0.02507
0 0.02870 0.55356 -0.05627 0.03996
