0 0.79546 0.05375 0.11028 -0.04657
0 0.79546 0.07994 0.11028 0.03415
0 0.63789 0.14351 0.11129 0.19457
0 0.52903 0.10519 0.08709 0.19572
0 0.52821 0.23667 0.06935 0.05729
0 0.66833 0.28915 0.07538 0.03741
0 0.6772 0.35834 0.05764 0.09748
0 0.77902 0.37564 0.10324 0.09631
0 0.54188 0.35288 0.09364 0.09106
0 0.54515 0.45133 0.09676 0.05854
0 0.77096 0.47410 0.05484 0.06755
0 0.53386 0.59500 0.09355 0.08143
0 0.53064 0.7119 0.09031 0.06830
0 0.65628 0.60638 0.09387 0.13573
0 0.67257 0.73730 0.13549 0.08056
