0 0.06368 0.15708 -0.04017 0.24002
0 0.07215 0.35144 0.05176 0.10289
0 0.23169 0.36350 0.05254 0.13169
0 0.15611 0.50067 0.16116 0.12345
0 0.25531 0.58161 0.02657 0.05213
0 0.30717 0.51783 0.06383 0.10562
0 0.2972 0.29218 0.07846 0.06310
0 0.239 0.03374 0.0592 0.06172
0 0.66754 0.47941 0.05850 0.11110
0 0.72539 0.47187 0.04388 0.15363
0 0.77292 0.05157 0.06179 0.09465
0 0.78335 0.36551 0.09329 0.12493
0 0.86768 0.33127 0.03058 0.05076
0 0.85571 0.45541 0.03591 0.15363
0 0.88430 0.17427 0.03190 0.21111
0 0.40225 0.06528 0.04655 0.03703
0 0.40553 0.53497 0.08499 0.09053
