0 0.71736 0.1516 0.07633 0.14626
0 0.70906 0.34784 0.05752 0.1844
0 0.71349 0.54458 0.07301 0.21164
0 0.60729 0.14744 0.05308 0.15696
0 0.59899 0.34006 0.08738 0.16172
0 0.60614 0.50594 0.08176 0.16052
0 0.41426 0.31564 0.04315 0.1628
0 0.39541 0.48508 0.05871 0.09998
0 0.29313 0.15873 0.08187 0.15814
0 0.2954 0.33768 0.07089 0.13793
0 0.29811 0.50371 0.07633 0.20662
0 0.14966 0.16402 0.1542 0.28787
0 0.13865 0.38882 0.19613 0.17359
0 0.12304 0.58353 0.17196 0.16706
0 0.25492 0.66061 0.05632 0.03942
0 0.53434 0.61949 0.07311 0.04993
0 0.41647 0.07479 0.14490 0.01642
