0 0.77708 0.19909 0.14722 0.21999
0 0.41717 0.05514 0.06544 0.04363
0 0.38554 0.18873 0.03898 0.18737
0 0.40081 0.32237 0.04908 0.04858
0 0.40996 0.39646 0.07985 0.06807
0 0.40337 0.48166 0.05421 0.04940
0 0.40081 0.56787 0.04908 0.07394
0 0.4274 0.66737 0.05725 0.05434
0 0.42342 0.73151 0.04067 0.05454
0 0.33850 0.66848 0.06306 0.06181
0 0.35684 0.75085 0.03884 0.04233
0 0.30878 0.05817 0.06953 0.06909
0 0.32310 0.26954 0.06953 0.13241
0 0.18613 0.14646 0.18373 0.16808
0 0.05745 0.16817 0.04498 0.14121
0 0.23364 0.27262 0.05420 0.06484
0 0.13711 0.34707 0.13885 0.08404
0 0.24744 0.36908 0.08998 0.08121
0 0.2547 0.44736 0.09179 0.05313
0 0.25868 0.52069 0.10021 0.05959
