0 0.82912 0.12742 0.06833 0.14589
0 0.83567 0.24009 0.05524 0.03959
0 0.7458 0.05763 0.08153 -0.03419
0 0.73475 0.13466 0.06265 0.17262
0 0.75833 0.28164 0.05147 0.05131
0 0.64868 0.05117 0.04796 -0.03819
0 0.65986 0.14212 0.09992 0.16748
0 0.65527 0.27076 0.06355 0.05409
0 0.54255 0.12876 0.07554 0.14967
0 0.47836 0.24740 0.05745 0.03390
0 0.48141 0.28527 0.03717 0.03401
0 0.56363 0.26658 0.07452 0.07472
0 0.58612 0.30592 0.04515 0.00729
0 0.59887 0.42749 0.05166 0.01394
0 0.58972 0.45035 0.04035 0.02620
0 0.46172 0.61678 0.06215 0.03356
0 0.44913 0.67713 0.04217 0.05231
0 0.37469 0.60875 0.06835 0.02732
0 0.37928 0.66814 0.05115 0.05688
0 0.30030 0.62861 0.05645 0.07573
