0 0.58776 0.04179 0.04188 -0.0654
0 0.64740 0.06448 0.02437 0.03290
0 0.65172 0.04937 0.02672 -0.08264
0 0.87185 0.27506 0.02357 0.04241
0 0.89594 0.28439 0.01515 0.03584
0 0.89746 0.3349 0.01683 0.05026
0 0.95036 0.34268 0.02022 0.03209
0 0.88914 0.38853 0.03817 0.02750
0 0.89436 0.42908 0.02144 0.05757
0 0.94368 0.43706 0.02616 0.05995
0 0.78862 0.49272 0.02380 0.02470
0 0.81575 0.39327 0.03044 0.01521
0 0.82153 0.28595 0.03459 0.03782
0 0.63392 0.31984 0.02615 0.02078
0 0.81918 0.48647 0.03772 0.03282
0 0.74174 0.5722 0.03538 0.05100
0 0.56204 0.48567 0.03606 0.03840
0 0.64774 0.49786 0.03940 0.01578
0 0.55340 0.56843 0.03469 0.04479
0 0.38128 0.48538 0.02987 0.04011
0 0.44928 0.49168 0.03065 0.01604
0 0.48304 0.48675 0.02604 0.02796
0 0.38639 0.57478 0.04009 0.05158
0 0.24684 0.58194 0.03301 0.04298
0 0.6191 0.73438 0.03224 0.01775
0 0.21996 0.82114 0.02013 0.03218
0 0.27436 0.83453 0.05188 0.05010
0 0.1713 0.87850 0.1511 0.05845
0 0.45086 0.82946 0.02594 0.01307
0 0.59393 0.05615 0.02593 0.02521
