0 0.65367 0.05298 0.11254 0.04508
0 0.6505 0.06308 0.06059 -0.0448
0 0.69155 0.08442 0.17532 0.03044
0 0.50973 0.07283 0.11470 0.04167
0 0.493 0.04226 0.1049 0.06557
0 0.35606 0.07054 0.10605 0.04391
0 0.33657 0.05339 0.12771 0.06674
0 0.60117 0.3577 0.19823 0.09839
0 0.80411 0.0422 0.15368 0.00479
0 0.41774 0.32610 0.07358 0.06556
0 0.41016 0.42032 0.11038 0.09944
0 0.26622 0.32062 0.12121 0.06048
0 0.20273 0.37878 0.24387 0.04796
0 0.63419 0.60249 0.05626 0.05510
0 0.43392 0.59042 0.10183 0.03215
0 0.44263 0.66656 0.12771 0.05562
0 0.28462 0.60977 0.11039 0.05796
0 0.21731 0.70871 0.24502 0.07203
