0 0.14148 0.34508 0.22199 0.02324
0 0.10339 0.38885 0.19402 0.04163
0 0.11332 0.44766 0.17415 0.03377
0 0.14538 0.48951 0.11772 0.02628
0 0.14464 0.54149 0.11624 0.07250
0 0.12086 0.63280 0.23768 0.07202
0 0.13079 0.70159 0.25755 0.04649
0 0.56662 0.50532 0.12065 0.04115
0 0.6007 0.56992 0.10640 0.06058
0 0.63774 0.62311 0.09452 0.04491
0 0.64984 0.69168 0.11872 0.06478
0 0.66870 0.76047 0.12925 0.05374
0 0.70349 0.82868 0.15308 0.06363
0 0.72127 0.88211 0.15745 0.03710
0 0.35527 0.05166 0.10929 0.04573
0 0.33687 0.05577 0.06666 0.01245
0 0.30354 0.06916 0.07092 0.01943
0 0.63474 0.05615 0.06383 0.01170
