0 0.80741 0.14058 0.06516 0.18597
0 0.79750 0.24817 0.06617 0.03081
0 0.88572 0.25655 0.03447 0.09840
0 0.79044 0.31872 0.06528 0.07785
0 0.7859 0.38550 0.03920 0.03784
0 0.71948 0.16735 0.02742 0.18597
0 0.71283 0.31426 0.05577 0.07867
0 0.68988 0.42051 0.02878 0.05596
0 0.49613 0.04488 0.05218 -0.01079
0 0.48390 0.16734 0.04067 0.17948
0 0.48316 0.4051 0.03541 0.07056
0 0.64945 0.66990 0.03883 0.05028
0 0.61163 0.67832 0.03122 0.05615
0 0.57605 0.68477 0.03406 0.03461
0 0.39545 0.03312 0.06433 -0.02618
0 0.39261 0.16167 0.06811 0.21517
0 0.39829 0.36252 0.04352 0.12004
0 0.38552 0.52513 0.09744 0.09975
0 0.38788 0.76317 0.04163 0.05514
0 0.30884 0.76601 0.06159 0.06730
