0 0.72297 0.13326 0.12580 0.14694
0 0.71176 0.24462 0.13411 0.04416
0 0.74352 0.33542 0.10824 0.06973
0 0.70235 0.40906 0.2047 0.04880
0 0.71176 0.46919 0.16706 0.04938
0 0.70234 0.52840 0.12941 0.05532
0 0.61176 0.63625 0.13648 0.06274
0 0.60532 0.70597 0.10949 0.05345
0 0.50538 0.06214 0.13076 -0.01167
0 0.53058 0.13215 0.12940 0.14707
0 0.52817 0.24136 0.06835 0.06927
0 0.36352 0.13999 0.15294 0.16508
0 0.33003 0.26155 0.13993 0.06142
0 0.49763 0.33352 0.17647 0.04996
0 0.49999 0.39419 0.12471 0.05160
0 0.53617 0.47363 0.06176 0.05361
0 0.40890 0.46745 0.15628 0.05403
0 0.55176 0.5427 0.11057 0.06623
0 0.4042 0.54379 0.14688 0.07681
0 0.37293 0.602 0.12940 0.06386
0 0.42940 0.66583 0.14822 0.04639
0 0.35735 0.03279 0.10294 -0.05293
