0 0.71735 0.04796 0.06025 -0.04257
0 0.80272 0.35317 0.05596 0.10474
0 0.81774 0.53288 0.04868 0.08962
0 0.82282 0.63378 0.04154 0.06686
0 0.73172 0.35309 0.05447 0.11160
0 0.73887 0.47043 0.06313 0.06925
0 0.7403 0.57263 0.06599 0.07432
0 0.73244 0.64694 0.05303 0.04730
0 0.65499 0.33452 0.09899 0.13865
0 0.66206 0.56543 0.03003 0.08897
0 0.57675 0.32854 0.05739 0.14358
0 0.58679 0.59121 0.04591 0.07094
0 0.40387 0.388 0.03874 0.124
0 0.33739 0.35394 0.06638 0.10655
0 0.26900 0.35225 0.05883 0.10993
0 0.16752 0.34121 0.14501 0.09122
