0 0.49180 0.0738 0.01647 0.01651
0 0.64733 0.14689 0.02993 0.12359
0 0.87703 0.32125 0.02749 0.02755
0 0.87917 0.35014 0.03177 0.01989
0 0.87939 0.38346 0.02278 0.03077
0 0.88067 0.42599 0.03477 0.05293
0 0.84876 0.35957 0.02412 0.05765
0 0.88412 0.51028 0.03783 0.04012
0 0.87704 0.55427 0.02368 0.01551
0 0.83279 0.54972 0.01555 0.02865
0 0.75821 0.56035 0.04975 0.06001
0 0.15023 0.33946 0.11496 0.01088
0 0.1532 0.38873 0.1074 0.02293
0 0.24804 0.47201 0.02557 0.03101
0 0.24296 0.54180 0.04446 0.03372
0 0.31883 0.59759 0.02993 0.02393
0 0.4169 0.51909 0.0232 0.02720
0 0.41714 0.59030 0.02271 0.01946
0 0.56249 0.50713 0.01697 -0.00123
0 0.57993 0.51572 0.02169 0.02584
0 0.57584 0.59187 0.01835 0.01721
0 0.28714 0.1447 0.01583 0.1118
0 0.15055 0.49173 0.11560 0.01046
0 0.24395 0.59743 0.02899 0.04990
0 0.24225 0.64834 0.04007 0.03504
0 0.31516 0.64833 0.01971 0.01147
0 0.23985 0.69083 0.01883 0.03642
0 0.2599 0.72583 0.02511 0.04642
0 0.24081 0.74679 0.01982 0.03505
0 0.26424 0.77191 0.03284 0.02663
0 0.35071 0.71258 0.03383 0.03676
0 0.34728 0.76668 0.02039 0.00675
0 0.33526 0.78152 0.02607 0.01754
0 0.31371 0.53320 0.02261 0.00911
0 0.04728 0.45160 -0.07643 0.03001
0 0.04204 0.3271 -0.07608 0.04710
0 0.04637 0.37322 -0.07536 0.02156
0 0.68354 0.33732 0.02610 0.01380
0 0.68209 0.39682 0.02320 0.01213
0 0.30915 0.33019 0.02218 0.00766
0 0.30079 0.38953 0.01318 0.01707
0 0.74202 0.63727 0.03090 0.05923
0 0.6896 0.59132 0.02560 0.02145
