0 0.74542 0.08187 0.11675 -0.00916
0 0.77300 0.19628 0.09497 0.20656
0 0.63895 0.07400 0.07718 -0.04062
0 0.6247 0.14562 0.0786 0.18035
0 0.54509 0.33143 0.23031 0.08122
0 0.56525 0.03886 0.08636 0.06812
0 0.51631 0.18493 0.12668 0.18209
0 0.37453 0.29301 0.06777 0.05502
0 0.31376 0.37549 0.06344 0.03308
0 0.33391 0.44958 0.08817 0.09820
0 0.31715 0.54796 0.06618 0.03419
0 0.23558 0.3917 0.07009 0.07074
0 0.22976 0.44523 0.05846 0.02959
0 0.18461 0.48514 0.18736 0.03755
0 0.18512 0.55065 0.18254 0.04978
0 0.32801 0.62052 0.05414 0.03405
0 0.32149 0.69077 0.06718 0.06454
0 0.26199 0.63755 0.06333 0.0262
0 0.26679 0.59674 0.04606 0.01969
0 0.25335 0.68291 0.04607 0.03833
