0 0.41216 0.08704 0.08782 0.00995
0 0.33050 0.08941 0.05393 0.01467
0 0.26759 0.08715 0.04521 -0.02014
0 0.27117 0.24209 0.02464 0.08291
0 0.34668 0.28261 0.08011 0.05365
0 0.26524 0.32659 0.03038 0.04588
0 0.39906 0.44328 0.08626 0.11110
0 0.32152 0.42534 0.05754 0.10069
0 0.26193 0.39293 0.05546 0.03125
0 0.26111 0.4618 0.05383 0.0625
0 0.34206 0.56315 0.0832 0.06581
0 0.27272 0.57927 0.02773 0.04744
0 0.38135 0.68757 0.05393 0.09475
0 0.32038 0.67534 0.04027 0.04281
0 0.25038 0.67880 0.06010 0.03588
