0 0.473 0.30474 0.07099 0.06046
0 0.34324 0.28384 0.09391 0.04044
0 0.59678 0.45886 0.17658 0.14667
0 0.46361 0.42962 0.15409 0.10605
0 0.30786 0.43111 0.09723 0.08918
0 0.52837 0.56044 0.08474 0.02080
0 0.59671 0.59315 0.06843 0.07234
0 0.42013 0.54901 0.10416 0.08928
0 0.30434 0.54756 0.09943 0.08026
0 0.29860 0.62041 0.12963 0.02775
0 0.29629 0.67239 0.08333 0.06433
0 0.45832 0.68681 0.13888 0.12486
0 0.61226 0.69320 0.09953 0.09226
0 0.73378 0.67392 0.10648 0.03369
0 0.28934 0.7651 0.09259 0.04360
