0 0.50925 0.05486 0.10847 0.03035
0 0.52379 0.04369 0.10581 -0.06812
0 0.57406 0.07236 0.16933 0.04567
0 0.5645 0.23898 0.07099 0.03208
0 0.36111 0.08156 0.12434 0.03045
0 0.36536 0.1215 0.07994 0.15700
0 0.31083 0.15608 0.12433 0.18157
0 0.32539 0.28428 0.08994 0.0509
0 0.59949 0.44425 0.19254 0.04765
0 0.59655 0.50275 0.08201 0.05610
0 0.62169 0.60336 0.16401 0.10485
0 0.56907 0.70694 0.13698 0.02619
0 0.55055 0.77052 0.11170 0.04893
0 0.50396 0.83251 0.11905 0.04784
0 0.54232 0.88977 0.09524 0.03838
