0 0.84115 0.05055 0.07036 0.08564
0 0.73347 0.12541 0.07250 0.19392
0 0.63645 0.13853 0.06609 0.18702
0 0.64211 0.28516 0.07183 0.08967
0 0.63251 0.37016 0.04836 0.04696
0 0.64391 0.45165 0.06823 0.08564
0 0.7356 0.41298 0.05544 0.07457
0 0.82829 0.43917 0.10458 0.09382
0 0.93283 0.43433 0.10022 0.12854
0 0.36033 0.12472 0.06823 0.1953
0 0.27218 0.13784 0.07102 0.20498
0 0.13762 0.16910 0.17675 0.22331
0 0.07322 0.32113 0.04568 0.05109
0 0.27881 0.43093 0.08429 0.09669
0 0.15042 0.41638 0.16824 0.09264
0 0.40937 0.51519 0.05970 0.09667
0 0.33458 0.50546 0.06856 0.06087
0 0.18297 0.53176 0.19494 0.08840
