0 0.78240 0.02334 0.08333 0.04188
0 0.82020 0.13794 0.06128 0.1347
0 0.85900 0.31310 0.03283 0.05453
0 0.86232 0.38364 0.05649 0.05088
0 0.84853 0.45608 0.08239 0.09466
0 0.85264 0.54296 0.04871 0.04468
0 0.83243 0.61105 0.06070 0.03686
0 0.81691 0.65998 0.05303 0.04097
0 0.54708 0.03654 0.04199 0.01548
0 0.72811 0.21415 0.03871 0.02774
0 0.72766 0.32294 0.05478 0.03412
0 0.26051 0.05696 0.06313 -0.05721
0 0.16169 0.07136 0.15809 0.05416
0 0.27895 0.15368 0.05654 0.11228
0 0.05067 0.27873 0.05724 0.05334
0 0.04516 0.34887 0.07128 0.05235
0 0.04221 0.40691 0.07717 0.04368
0 0.06240 0.46085 0.03525 0.04415
0 0.06666 0.49066 0.04546 0.01457
0 0.28829 0.49454 0.02946 0.01140
0 0.37494 0.41802 0.04977 0.02585
0 0.15699 0.59098 0.14698 0.02402
0 0.15748 0.65384 0.16313 0.03232
0 0.23484 0.70277 0.06565 0.04459
0 0.75959 0.73030 0.06129 0.04415
0 0.29418 0.75238 0.06312 0.04369
