0 0.83089 0.03016 0.04907 0.05937
0 0.82442 0.0624 0.05205 -0.02876
0 0.70838 0.08628 0.06397 -0.01949
0 0.84548 0.14155 0.03581 0.13505
0 0.71883 0.17701 0.04774 0.17556
0 0.83151 0.32708 0.09294 0.07256
0 0.70042 0.34668 0.11968 0.09482
0 0.80299 0.47672 0.09406 0.06348
0 0.79392 0.56724 0.06730 0.06556
0 0.65052 0.54776 0.16313 0.09552
0 0.52536 0.52489 0.08985 0.05100
0 0.45291 0.53294 0.04110 0.05139
0 0.79110 0.66379 0.07029 0.07245
0 0.60477 0.65593 0.06100 0.02185
0 0.58752 0.68953 0.06630 0.03808
0 0.77947 0.76838 0.06028 0.07868
0 0.4244 0.69752 0.05569 0.02145
0 0.23408 0.65477 0.05967 0.01813
0 0.14224 0.68087 0.17151 0.04011
