0 0.66899 0.05021 0.03781 0.03238
0 0.62527 0.04532 0.03736 0.04346
0 0.57746 0.03275 0.03955 0.05244
0 0.58044 0.14101 0.03471 0.12984
0 0.71098 0.51488 0.02417 0.01488
0 0.78786 0.5482 0.03966 0.03239
0 0.84230 0.53204 0.03517 0.04759
0 0.94884 0.46518 0.02756 0.04281
0 0.94605 0.52270 0.02198 0.04466
0 0.78570 0.59011 0.04066 0.03057
0 0.78516 0.64816 0.04286 0.04466
0 0.71395 0.63967 0.02373 0.01850
0 0.59582 0.63792 0.02152 0.01824
0 0.59279 0.50313 0.01546 0.01021
0 0.40493 0.49537 0.00968 0.00936
0 0.44834 0.40061 0.02856 4.99999e-05
0 0.42791 0.41846 0.03627 0.02084
0 0.44504 0.49124 0.01869 0.00707
0 0.43983 0.50278 0.02161 0.01376
0 0.41423 0.56384 0.01967 0.01376
0 0.41757 0.62152 0.02636 0.02704
0 0.29637 0.57501 0.01582 0.01602
0 0.29427 0.50504 0.02794 0.00488
0 0.1728 0.52494 0.1522 0.06403
0 0.22334 0.58488 0.03461 0.04317
0 0.16895 0.63977 0.1467 0.06744
0 0.05745 0.55026 0.0457 0.04042
0 0.05548 0.52475 -0.07032 0.04949
0 0.06679 0.53353 0.03341 0.05303
0 0.71263 0.2956 0.01978 0.02233
0 0.41341 0.07683 0.03122 0.04094
0 0.3722 0.04612 0.03031 0.02569
0 0.28181 0.06168 0.02756 -0.06276
0 0.32021 0.05170 0.03957 0.02867
0 0.78736 0.36205 0.02198 0.01230
0 0.80159 0.36783 0.00758 0.01638
0 0.49361 0.08447 0.01803 0.01897
0 0.62279 0.15035 0.02800 0.16118
0 0.24504 0.0545 0.02088 0.02159
