0 0.3295 0.05198 0.05714 -0.05619
0 0.29038 0.04123 0.02710 -0.06686
0 0.24573 0.04122 0.05013 -0.06354
0 0.4679 0.08805 0.03110 0.00995
0 0.47291 0.15041 0.04513 0.11277
0 0.54513 0.15464 0.03712 0.13118
0 0.57773 0.15436 0.02607 0.13705
0 0.59931 0.15989 0.01707 0.13373
0 0.29287 0.23448 0.05617 0.05093
0 0.36052 0.24889 0.03700 0.04313
0 0.40717 0.23782 0.04021 0.03428
0 0.05446 0.37527 0.06018 0.0625
0 0.17416 0.37776 0.15115 0.06416
0 0.30942 0.38218 0.04313 0.03096
0 0.34553 0.38075 0.02909 0.04250
0 0.37407 0.36586 0.02798 0.02488
0 0.52960 0.42605 0.05212 0.03594
0 0.53258 0.45994 0.05417 0.01813
