0 0.27957 0.05532 0.03455 0.02540
0 0.31255 0.05684 0.01990 0.01211
0 0.31779 0.07805 0.01988 0.02006
0 0.22719 0.05357 0.05031 0.03369
0 0.26570 0.08383 0.0267 0.02159
0 0.15708 0.13815 0.12675 0.1237
0 0.15339 0.22757 0.13927 0.04009
0 0.06120 0.39113 0.04827 0.02728
0 0.06937 0.43583 0.03193 0.02248
0 0.13402 0.59191 0.14345 0.03564
0 0.13455 0.63721 0.14135 0.03403
0 0.13899 0.67811 0.1335 0.02093
0 0.14656 0.75465 0.11932 0.02812
0 0.26177 0.74222 0.02409 0.02944
0 0.30996 0.74075 0.04193 0.02845
0 0.40075 0.74058 0.01199 0.02029
0 0.44004 0.78719 0.03089 0.00751
0 0.43978 0.79979 0.01989 0.01767
0 0.74785 0.06240 0.04356 0.03631
0 0.76622 0.16294 0.03404 0.13271
0 0.76544 0.25297 0.03770 0.03423
0 0.79263 0.37438 0.03241 0.03172
0 0.8034 0.40922 0.04136 0.02748
0 0.81546 0.43762 0.02988 0.02084
0 0.82298 0.58177 0.03988 0.04415
0 0.80915 0.62633 0.03927 0.04729
0 0.81177 0.67773 0.03298 0.03542
0 0.79918 0.72031 0.01932 0.03468
0 0.73764 0.67237 0.02523 0.01535
0 0.0529 0.41755 -0.0346 0.05790
0 0.25905 0.54950 0.02199 0.01300
0 0.84580 0.37842 0.04554 0.03673
0 0.58534 0.74386 0.02932 0.01766
