0 0.68653 0.12737 0.04567 0.20014
0 0.59799 0.13238 0.01559 0.14292
0 0.62033 0.14406 0.04017 0.15686
0 0.38083 0.26452 0.08907 0.07663
0 0.67433 0.47156 0.06781 0.05808
0 0.59019 0.46482 0.07572 0.07181
0 0.51286 0.47026 0.05468 0.06045
0 0.43927 0.46286 0.06557 0.05571
0 0.34911 0.37032 0.08127 0.09988
0 0.26725 0.39307 0.05345 0.06674
0 0.06481 0.41903 0.03118 0.05192
0 0.14098 0.41594 0.13008 0.05809
0 0.03914 0.46353 0.06023 0.02226
0 0.27895 0.47583 0.10377 0.05922
0 0.37695 0.50061 0.05458 0.08653
0 0.33352 0.65569 0.05898 0.05325
0 0.55010 0.66130 0.10691 0.06674
0 0.65423 0.64468 0.10353 0.07079
0 0.68870 0.59084 0.04131 0.03708
0 0.28841 0.07057 0.07795 0.04697
