0 0.57073 0.02777 0.04993 0.03746
0 0.57371 0.14119 0.03210 0.17168
0 0.57847 0.27277 0.03686 0.06571
0 0.51664 0.05634 0.03448 0.059
0 0.52824 0.23598 0.03961 0.06096
0 0.52363 0.29735 0.03277 0.01655
0 0.45065 0.05535 0.04280 0.06292
0 0.39214 0.03216 0.03043 0.04638
0 0.44470 0.23942 0.03804 0.06981
0 0.38178 0.1786 0.04261 0.18356
0 0.52888 0.50098 0.04328 0.06391
0 0.52824 0.56980 0.03961 0.05408
0 0.58655 0.51769 0.03637 0.06587
0 0.63852 0.53736 0.05708 0.05998
0 0.42840 0.48069 0.04924 0.05480
0 0.44411 0.54955 0.02971 0.05506
0 0.37455 0.53878 0.04993 0.07659
0 0.32198 0.55058 0.04328 0.05299
