0 0.78950 0.18928 0.06257 0.18787
0 0.70884 0.12328 0.06243 0.16043
0 0.67536 0.28099 0.09535 0.08580
0 0.55068 0.28431 0.0998 0.11692
0 0.42167 0.12247 0.05560 0.19949
0 0.43586 0.29302 0.09988 0.10674
0 0.31894 0.04314 0.07263 0.08116
0 0.32065 0.19691 0.04426 0.19876
0 0.32628 0.34248 0.07841 0.08043
0 0.15891 0.06048 0.18412 0.0639
0 0.16736 0.2469 0.15335 0.08280
0 0.17185 0.32570 0.14644 0.03848
0 0.47059 0.53703 0.06037 0.05447
0 0.70147 0.66593 0.06584 0.04503
0 0.80136 0.66158 0.04993 0.07262
0 0.71334 0.72439 0.04664 0.05592
0 0.81164 0.74981 0.05688 0.05301
