0 0.55925 0.04703 0.02914 0.02751
0 0.55202 0.08386 0.02394 0.02581
0 0.50809 0.03887 0.03821 0.02819
0 0.51645 0.07724 0.02276 0.03360
0 0.54273 0.00405 0.01553 0.008
0 0.49060 0.06578 0.06022 -0.06741
0 0.45012 0.05602 0.03886 0.04686
0 0.42713 0.05979 0.05634 -0.05358
0 0.39132 0.05092 0.02746 0.03395
0 0.34308 0.0494 0.04568 0.02885
0 0.36689 0.04880 0.03821 -0.05043
0 0.31989 0.05695 0.05969 -0.05790
0 0.37818 0.03972 0.02968 0.02071
0 0.37073 0.20026 0.02257 0.00051
0 0.37370 0.21655 0.02589 0.02867
0 0.69572 0.83820 0.01730 0.01528
0 0.7597 0.81282 0.02979 0.02119
0 0.77525 0.84052 0.02461 0.02488
0 0.79014 0.85976 0.02071 0.01358
0 0.79616 0.87792 0.01331 0.01460
0 0.79583 0.82240 0.02173 0.02512
0 0.81347 0.85092 0.02590 0.02376
0 0.82757 0.87464 0.03785 0.02523
0 0.82563 0.81510 0.04174 0.02274
0 0.84326 0.83972 0.03107 0.02649
0 0.86689 0.87487 0.03820 0.03158
0 0.85847 0.79905 0.03174 0.01796
0 0.87175 0.82234 0.03497 0.03548
0 0.89534 0.85450 0.02664 0.01190
0 0.90926 0.87861 0.03247 0.02344
