0 0.49194 0.34230 0.02229 0.00864
0 0.49716 0.35865 0.02423 0.02019
0 0.44394 0.39041 0.03022 0.01935
0 0.47364 0.3935 0.01928 0.03220
0 0.50815 0.38801 0.04478 0.02797
0 0.73235 0.40461 0.02290 -0.00133
0 0.74597 0.42023 0.02414 0.02873
0 0.88577 0.49473 0.02545 0.01159
0 0.63551 0.50268 0.02351 0.01019
0 0.61448 0.69350 0.02103 0.02162
0 0.50056 0.68749 0.01599 0.02115
0 0.62216 0.77571 0.02917 0.01586
0 0.45401 0.48797 0.02762 0.02981
0 0.03496 0.25793 0.02813 0.01490
0 0.03285 0.59009 0.0157 0.01000
0 0.03546 0.60817 0.02485 0.02500
0 0.04957 0.69204 -0.08525 0.01601
0 0.07109 0.68437 0.02537 0.04181
