0 0.67137 0.44944 0.07089 0.04629
0 0.47411 0.05966 0.05177 0.07773
0 0.48381 0.04238 0.04206 -0.07337
0 0.46753 0.25748 0.05501 0.10377
0 0.46197 0.36540 0.03722 0.04629
0 0.47977 0.47380 0.05016 0.02191
0 0.47683 0.54019 0.04753 0.08648
0 0.49140 0.68707 0.05724 0.07286
0 0.38996 0.04602 0.06795 0.08308
0 0.38268 0.18568 0.05016 0.18404
0 0.36569 0.32703 0.04206 0.05725
0 0.3762 0.41717 0.0534 0.07673
0 0.38506 0.54506 0.08404 0.08892
0 0.38996 0.64664 0.07119 0.07577
0 0.40533 0.75612 0.08252 0.09744
