0 0.29712 0.02819 0.00692 0.05019
0 0.31080 0.14271 0.03647 0.12603
0 0.31090 0.26040 0.02011 0.02334
0 0.31413 0.31573 0.03220 0.04974
0 0.31704 0.38553 0.03292 0.03299
0 0.32095 0.44969 0.02946 0.05269
0 0.31271 0.50888 0.02738 0.04415
0 0.31577 0.57309 0.03983 0.05279
0 0.27149 0.32741 0.03099 0.04570
0 0.27537 0.38446 0.01583 0.04914
0 0.28411 0.42646 0.01691 0.04147
0 0.27427 0.47918 0.03875 0.04873
0 0.27532 0.54263 0.03449 0.03553
0 0.26745 0.60151 0.02510 0.04974
0 0.30812 0.63611 0.03985 0.05670
