0 0.29008 0.27186 0.02435 0.03614
0 0.30056 0.31162 0.04898 0.04553
0 0.29232 0.34887 0.03251 0.02024
0 0.29511 0.39392 0.02904 0.05324
0 0.30428 0.45154 0.03802 0.02748
0 0.30011 0.50301 0.04071 0.05014
0 0.30979 0.54826 0.02699 0.03000
0 0.31501 0.58807 0.03743 0.03498
0 0.32576 0.62839 0.03803 0.04398
0 0.35778 0.71619 0.05375 0.03831
0 0.37361 0.76191 0.03926 0.03216
0 0.37361 0.80495 0.04663 0.03724
0 0.37085 0.83857 0.04847 0.02349
0 0.37729 0.87093 0.01841 0.03326
0 0.38529 0.91769 0.03072 0.03062
0 0.33609 0.67357 0.05660 0.03405
