0 0.48401 0.49357 0.02703 0.02598
0 0.48591 0.56619 0.03377 0.07433
0 0.48714 0.64633 0.02357 0.07852
0 0.48672 0.71686 0.02765 0.03913
0 0.4929 0.7697 0.01980 0.04539
0 0.53679 0.51584 0.02644 0.03911
0 0.5387 0.56766 0.02744 0.04966
0 0.54186 0.62492 0.03097 0.04141
0 0.54380 0.67903 0.02990 0.05881
0 0.54187 0.74221 0.03378 0.04325
0 0.54885 0.79939 0.02754 0.04310
0 0.49660 0.33723 0.00870 0.01999
0 0.49663 0.37428 0.01285 0.03298
0 0.49571 0.40076 0.01467 0.00827
0 0.48592 0.44369 0.02391 0.03721
0 0.54996 0.34851 0.01899 0.02483
0 0.54397 0.39334 0.01124 0.01855
0 0.54186 0.42298 0.01267 0.02781
0 0.53536 0.46687 0.03071 0.03825
