0 0.51234 0.18335 0.09137 0.17198
0 0.52702 0.34085 0.06201 0.07990
0 0.48476 0.51459 0.11063 0.10858
0 0.86156 0.06864 0.08302 -0.02323
0 0.86589 0.34906 0.11937 0.05108
0 0.83875 0.48717 0.12402 0.06569
0 0.72242 0.06578 0.05281 0.01392
0 0.73022 0.03815 0.05891 -0.0754
0 0.67328 0.01845 0.05357 0.0309
0 0.73018 0.23606 0.06832 0.02632
0 0.37984 0.24922 0.05271 0.03095
0 0.33177 0.38699 0.06202 0.01548
0 0.71239 0.37847 0.05115 0.00775
0 0.66351 0.51976 0.05901 0.03011
0 0.36976 0.55174 0.07286 0.04201
0 0.32558 0.55959 0.07441 0.04954
0 0.14771 0.50768 0.11557 0.11929
0 0.51860 0.69584 0.06046 0.02328
0 0.52402 0.73953 0.05890 0.06098
0 0.53875 0.79354 0.02944 0.01298
0 0.54728 0.84674 0.04340 0.04335
0 0.58321 0.89205 0.07496 0.03334
