0 0.52538 0.20482 0.05076 0.00947
0 0.51999 0.24393 0.05411 0.03327
0 0.52979 0.28575 0.05806 0.01614
0 0.54088 0.30512 0.06881 0.00907
0 0.56352 0.35046 0.11764 0.03971
0 0.56294 0.40264 0.08587 0.03875
0 0.54587 0.44461 0.08234 0.03034
0 0.52352 0.49030 0.04705 0.03325
0 0.50646 0.52357 0.07412 0.03130
0 0.52176 0.56789 0.09763 0.03565
0 0.40823 0.21529 0.07529 0.03041
0 0.39999 0.27202 0.10588 0.05712
0 0.39646 0.32174 0.10588 0.03708
0 0.40052 0.37035 0.06695 0.03875
0 0.3847 0.41922 0.08235 0.03767
