0 0.05651 0.14360 -0.03641 0.22155
0 0.13516 0.0373 0.1462 0.07355
0 0.26549 0.06102 0.07949 0.07393
0 0.27369 0.28315 0.04720 0.08029
0 0.23528 0.59586 0.06997 0.14160
0 0.05676 0.30826 -0.03254 0.07518
0 0.14316 0.29762 0.16518 0.18669
0 0.25307 0.41039 0.05463 0.09899
0 0.18211 0.74435 0.17632 0.11530
0 0.40490 0.54255 0.04870 0.02495
0 0.41573 0.30137 0.04611 0.01378
0 0.52254 0.45546 0.06458 0.02119
0 0.51301 0.49881 0.04551 0.05749
0 0.87366 0.02438 0.06732 0.03123
0 0.76470 0.03879 0.08267 0.02246
0 0.88688 0.12106 0.04404 0.16643
0 0.78616 0.16992 0.03339 0.17394
