0 0.12211 0.29555 0.16542 0.10930
0 0.25545 0.18431 0.03894 0.22854
0 0.89864 0.25416 0.05630 0.09918
0 0.07538 0.13117 -0.01432 0.21336
0 0.03884 0.30971 -0.06716 0.12752
0 0.15365 0.14028 0.16153 0.20122
0 0.49371 0.46350 0.03125 0.06284
0 0.51669 0.47216 0.03201 0.05971
0 0.54789 0.46097 0.02570 0.06995
0 0.82047 0.29397 0.04904 0.1001
0 0.70716 0.53942 0.04518 0.10515
0 0.63901 0.52782 0.03661 0.09412
0 0.64524 0.62398 0.04595 0.06984
0 0.73971 0.64979 0.03925 0.03238
0 0.3049 0.1504 0.03815 0.16071
