0 0.34083 0.13211 0.11499 0.17623
0 0.33449 0.31808 0.08767 0.1245
0 0.32916 0.44667 0.09832 0.08331
0 0.30033 0.56976 0.15934 0.12655
0 0.29583 0.71027 0.12499 0.09994
0 0.50533 0.13779 0.10934 0.22159
0 0.50866 0.30369 0.14399 0.10860
0 0.51666 0.44247 0.08333 0.1255
0 0.51666 0.57641 0.11999 0.10215
0 0.48833 0.73762 0.11666 0.16552
0 0.71666 0.11907 0.10332 0.22324
0 0.74283 0.31174 0.07566 0.10217
0 0.74083 0.40903 0.06499 0.06206
0 0.74416 0.50798 0.12167 0.09582
0 0.73366 0.62711 0.126 0.10056
0 0.75333 0.79025 0.09999 0.17009
