0 0.4309 0.12523 0.04700 0.24533
0 0.42449 0.35982 0.09687 0.16636
0 0.41566 0.51436 0.06980 0.08743
0 0.29843 0.34889 0.08973 0.11813
0 0.30932 0.49221 0.10298 0.08861
0 0.33689 0.62284 0.10398 0.09599
0 0.76495 0.07993 0.08547 0.00658
0 0.74501 0.28023 0.08262 0.15328
0 0.73071 0.46646 0.07133 0.14491
0 0.61680 0.32933 0.11964 0.12694
0 0.60897 0.45248 0.11254 0.10017
0 0.15085 0.11206 0.19116 0.17742
0 0.03388 0.15718 0.05982 0.2006
0 0.15155 0.31017 0.17550 0.13893
0 0.31196 0.12772 0.10542 0.25471
0 0.74022 0.65808 0.12148 0.15687
0 0.85681 0.06746 0.10403 0.00558
0 0.85683 0.21356 0.06125 0.25348
0 0.83544 0.40239 0.06129 0.08861
0 0.63121 0.10317 0.08229 0.19559
0 0.85203 0.53341 0.09728 0.13511
