0 0.28378 0.05442 0.03300 -0.03911
0 0.28955 0.14853 0.07834 0.15888
0 0.30644 0.26974 0.06605 0.04730
0 0.31538 0.34551 0.11070 0.08396
0 0.30441 0.43431 0.13264 0.06341
0 0.28296 0.52305 0.14987 0.07397
0 0.22264 0.60387 0.27971 0.06030
0 0.2569 0.68973 0.10519 0.07901
0 0.20268 0.77833 0.23978 0.06197
0 0.19106 0.85781 0.18602 0.04276
0 0.1877 0.89283 0.23132 0.01918
0 0.49615 0.16564 0.05223 0.14177
0 0.50153 0.29567 0.1275 0.09009
0 0.53679 0.39178 0.12760 0.06190
0 0.53949 0.47234 0.12680 0.06498
0 0.54491 0.59053 0.12517 0.09099
0 0.53723 0.70155 0.14053 0.06845
0 0.52835 0.80044 0.11070 0.07196
0 0.68893 0.22776 0.09062 0.04975
0 0.72964 0.31479 0.11368 0.10518
0 0.74230 0.39305 0.12671 0.06442
0 0.76267 0.47709 0.13363 0.05637
0 0.47836 0.05298 0.04429 0.06442
0 0.75679 0.56214 0.1331 0.08354
0 0.76876 0.65676 0.12144 0.06745
