0 0.79224 0.05971 0.12922 -0.01525
0 0.81013 0.14662 0.10537 0.16598
0 0.80963 0.26733 0.13816 0.04713
0 0.86776 0.34343 0.11736 0.08079
0 0.84041 0.44731 0.12023 0.08654
0 0.85779 0.54836 0.09741 0.08374
0 0.84289 0.65252 0.07962 0.06059
0 0.56756 0.14355 0.06554 0.11694
0 0.59442 0.34275 0.07155 0.02692
0 0.67038 0.49489 0.06067 0.02568
0 0.36878 0.13181 0.08151 0.14714
0 0.26433 0.15701 0.07538 0.14791
0 0.38813 0.32727 0.03474 0.04310
0 0.14775 0.38148 0.2015 0.04511
0 0.31808 0.48736 0.07556 0.02526
0 0.84194 0.78484 0.16899 0.12189
