0 0.49542 0.36436 0.05081 0.01932
0 0.49431 0.38942 0.07051 0.03079
0 0.48583 0.41994 0.03366 0.03895
0 0.49979 0.47928 0.05954 0.04732
0 0.49287 0.52179 0.03365 0.03769
0 0.50879 0.57003 0.05561 0.03961
0 0.51372 0.63188 0.04575 0.06228
0 0.54534 0.68699 0.08535 0.03298
0 0.54944 0.74179 0.05723 0.04179
0 0.55980 0.79227 0.06047 0.03114
0 0.57710 0.82713 0.04154 0.04986
0 0.36685 0.04898 0.05362 0.02266
0 0.51372 0.05706 0.04154 0.02595
0 0.05381 0.91419 0.04849 0.05139
0 0.05985 0.96792 0.05069 0.03425
