0 0.07655 0.48335 0.04303 0.04670
0 0.06688 0.56331 0.05475 0.05143
0 0.23293 0.54804 0.04781 0.07939
0 0.36375 0.55570 0.07040 0.04735
0 0.28964 0.56406 0.02650 0.01672
0 0.46489 0.56614 0.02978 0.01530
0 0.61668 0.25068 0.03390 0.05014
0 0.16512 0.14999 0.14172 0.16019
0 0.13643 0.39205 0.13389 0.0933
0 0.22836 0.43645 0.05173 0.05725
0 0.54954 0.58216 0.03259 0.02507
0 0.59126 0.56893 0.03259 0.05989
0 0.56909 0.14149 0.04041 0.17381
0 0.57365 0.03788 0.03390 0.02228
0 0.56969 0.25551 0.03921 0.04307
0 0.58339 0.45612 0.02727 0.06825
0 0.64356 0.56545 0.01464 0.02507
