0 0.16385 0.04155 0.18674 -0.00770
0 0.1494 0.12935 0.1678 0.14874
0 0.28962 0.0302 0.06480 -0.04126
0 0.29062 0.05844 0.06280 0.05231
0 0.34795 0.24284 0.08176 0.07108
0 0.37736 0.05858 0.06281 -0.04866
0 0.36290 0.07274 0.04387 0.03551
0 0.46658 0.02798 0.08572 -0.03682
0 0.45910 0.11479 0.10066 0.17786
0 0.46360 0.24648 0.08575 0.05293
0 0.50797 0.29213 0.06081 0.02554
0 0.57570 0.04471 0.05271 0.00057
0 0.57521 0.15779 0.09562 0.18489
0 0.6794 0.04155 0.0948 -0.01854
0 0.70338 0.13756 0.09470 0.20168
0 0.67096 0.28992 0.06577 0.09024
0 0.66942 0.38173 0.12075 0.05469
0 0.80956 0.04124 0.09970 -0.06361
0 0.78362 0.86722 0.04584 0.04540
0 0.79909 0.89775 0.04286 0.01369
0 0.83746 0.86444 0.05785 0.05290
0 0.86041 0.91509 0.04985 0.03750
0 0.8968 0.86572 0.06080 0.05035
0 0.95014 0.85339 0.04984 0.04739
0 0.91719 0.92249 0.04974 0.04440
