0 0.71879 0.07057 0.12431 -0.04836
0 0.71423 0.23054 0.14046 0.05374
0 0.73002 0.29772 0.12189 0.06224
0 0.71002 0.37375 0.14185 0.06009
0 0.72249 0.43487 0.13693 0.06235
0 0.52500 0.05694 0.11789 0.06375
0 0.53885 0.16988 0.13034 0.1496
0 0.57142 0.28389 0.13534 0.04870
0 0.54506 0.37158 0.15799 0.07275
0 0.5413 0.46847 0.21544 0.07295
0 0.37092 0.17297 0.13033 0.17538
0 0.34831 0.30869 0.16050 0.06435
0 0.50375 0.03481 0.10025 -0.06050
0 0.68997 0.06031 0.13883 0.01938
0 0.32576 0.79767 0.16552 0.05525
0 0.44436 0.80617 0.11177 0.03383
0 0.64034 0.80338 0.17291 0.04808
