0 0.78286 0.25481 0.09563 0.10949
0 0.79573 0.43356 0.08653 0.10593
0 0.80445 0.55374 0.04950 0.10616
0 0.65712 0.21481 0.10138 0.23106
0 0.68439 0.42408 0.11634 0.10691
0 0.70044 0.57668 0.06920 0.09258
0 0.54826 0.30738 0.07672 0.19671
0 0.53415 0.52513 0.11286 0.12027
0 0.5445 0.65798 0.12366 0.07001
0 0.41905 0.27042 0.11734 0.13916
0 0.39177 0.48024 0.08257 0.17055
0 0.17647 0.44433 0.19655 0.11309
0 0.23633 0.61793 0.07188 0.13573
0 0.38603 0.66377 0.09405 0.1139
0 0.69182 0.69479 0.09159 0.06821
0 0.78909 0.66550 0.08316 0.08505
