0 0.86098 0.56202 0.05388 0.12512
0 0.72305 0.55511 0.03807 0.13056
0 0.61313 0.67971 0.06106 0.08242
0 0.46012 0.51176 0.04095 0.11016
0 0.40907 0.50747 0.03798 0.03315
0 0.2913 0.49624 0.03664 0.05990
0 0.24281 0.51657 0.03018 0.03635
0 0.03687 0.29521 0.05525 0.10902
0 0.03320 0.51176 0.05829 0.07594
0 0.03067 0.52085 -0.06021 0.04278
0 0.24496 0.71924 0.03017 0.03956
0 0.3908 0.69732 0.02585 0.02139
0 0.59305 0.50373 0.01801 0.05989
0 0.91840 0.59414 0.02934 0.02668
0 0.21791 0.33509 0.03543 0.06134
0 0.07327 0.31871 0.03161 0.06417
0 0.07142 0.03563 0.02669 0.05599
