0 0.53656 0.38870 0.09305 0.03060
0 0.53661 0.45043 0.07605 0.05912
0 0.48450 0.52900 0.08451 0.04747
0 0.46001 0.61657 0.12002 0.06862
0 0.45269 0.71890 0.11121 0.06228
0 0.33239 0.37949 0.18028 0.05012
0 0.32253 0.49419 0.11549 0.10021
0 0.27246 0.59442 0.06605 0.07284
0 0.30422 0.68296 0.07888 0.08976
0 0.62535 0.06539 0.09014 0.05698
0 0.5924 0.03423 0.14476 0.06697
0 0.59718 0.17787 0.14648 0.17378
0 0.39436 0.04267 0.23098 0.08384
0 0.38541 0.25396 0.17002 0.10287
0 0.50281 0.02729 0.14366 -0.05298
