0 0.04179 0.2385 -0.08287 0.02299
0 0.04678 0.08749 0.04387 0.02441
0 0.03110 0.23278 0.05275 0.06029
0 0.03667 0.50717 0.05735 0.06035
0 0.77221 0.36424 0.05962 0.11631
0 0.76935 0.53950 0.04059 0.10775
0 0.74966 0.66741 0.05522 0.07334
0 0.59954 0.33838 0.04949 0.07035
0 0.65410 0.30193 0.03937 0.03778
0 0.65804 0.36709 0.04049 0.07327
0 0.61923 0.62789 0.04162 0.04879
0 0.42294 0.29973 0.06524 0.09860
0 0.40388 0.5733 0.04711 0.05752
0 0.33358 0.51961 0.05049 0.04210
0 0.33020 0.57824 0.05048 0.06169
