0 0.71475 0.39056 0.12056 0.06024
0 0.74818 0.53914 0.09043 0.07028
0 0.81577 0.39005 0.05035 0.03112
0 0.81992 0.30323 0.04204 0.00605
0 0.84046 0.41967 0.06677 0.02209
0 0.87708 0.04038 0.06130 -0.07988
0 0.25812 0.27856 0.07585 0.02699
0 0.56032 0.26299 0.03107 0.03805
0 0.81169 0.24146 0.06581 0.02912
0 0.79017 0.72188 0.07961 0.03815
0 0.27836 0.05189 0.04483 -0.08896
0 0.57269 0.05892 0.05581 -0.06888
0 0.54618 0.38154 0.08129 0.04421
0 0.28201 0.58634 0.05214 0.02207
0 0.56624 0.57128 0.07237 0.04215
0 0.53612 0.7274 0.06484 0.05320
0 0.86055 0.54065 0.07943 0.06325
