0 0.70985 0.07269 0.05474 -0.00401
0 0.70028 0.18868 0.05951 0.19668
0 0.68795 0.40825 0.04257 0.06159
0 0.70382 0.53569 0.05244 0.09041
0 0.69586 0.64935 0.05596 0.08267
0 0.80474 0.16644 0.07177 0.15203
0 0.90084 0.16251 0.08394 0.14942
0 0.34171 0.17734 0.06352 0.24538
0 0.34853 0.44883 0.05231 0.11150
0 0.35644 0.60549 0.04380 0.07600
0 0.26885 0.15379 0.06326 0.21141
0 0.24738 0.31580 0.07923 0.10757
0 0.25116 0.49475 0.06213 0.12974
0 0.06418 0.15707 0.06822 0.21796
0 0.04280 0.33591 0.0696 0.06997
0 0.05643 0.40688 0.05209 0.10363
